tau (s) g^2(tau) - HBT Measurement
tau (s) - none Fit g^2(tau) - none Fit
-0.0000000503542 1.3148900000000 -0.0000000503542 1.0000000000000
-0.0000000501923 0.9861670000000 -0.0000000501923 1.0000000000000
-0.0000000500304 0.9861670000000 -0.0000000500304 1.0000000000000
-0.0000000498684 0.9532940000000 -0.0000000498684 1.0000000000000
-0.0000000497065 1.0190400000000 -0.0000000497065 1.0000000000000
-0.0000000495446 0.7560610000000 -0.0000000495446 1.0000000000000
-0.0000000493827 1.0190400000000 -0.0000000493827 1.0000000000000
-0.0000000492208 0.7560610000000 -0.0000000492208 1.0000000000000
-0.0000000490589 1.1176600000000 -0.0000000490589 1.0000000000000
-0.0000000488970 0.8875500000000 -0.0000000488970 1.0000000000000
-0.0000000487351 1.0190400000000 -0.0000000487351 1.0000000000000
-0.0000000485732 0.5917000000000 -0.0000000485732 1.0000000000000
-0.0000000484113 0.8875500000000 -0.0000000484113 1.0000000000000
-0.0000000482493 1.0519100000000 -0.0000000482493 1.0000000000000
-0.0000000480874 1.6107400000000 -0.0000000480874 1.0000000000000
-0.0000000479255 1.4135100000000 -0.0000000479255 1.0000000000000
-0.0000000477636 1.0847800000000 -0.0000000477636 1.0000000000000
-0.0000000476017 0.7231890000000 -0.0000000476017 1.0000000000000
-0.0000000474398 0.9532940000000 -0.0000000474398 1.0000000000000
-0.0000000472779 1.1834000000000 -0.0000000472779 1.0000000000000
-0.0000000471160 0.9861670000000 -0.0000000471160 1.0000000000000
-0.0000000469541 1.1176600000000 -0.0000000469541 1.0000000000000
-0.0000000467921 0.8546780000000 -0.0000000467921 1.0000000000000
-0.0000000466302 1.0190400000000 -0.0000000466302 1.0000000000000
-0.0000000464683 1.3477600000000 -0.0000000464683 1.0000000000000
-0.0000000463064 1.3477600000000 -0.0000000463064 1.0000000000000
-0.0000000461445 1.0190400000000 -0.0000000461445 1.0000000000000
-0.0000000459826 1.1834000000000 -0.0000000459826 1.0000000000000
-0.0000000458207 1.1505300000000 -0.0000000458207 1.0000000000000
-0.0000000456588 1.1176600000000 -0.0000000456588 1.0000000000000
-0.0000000454969 0.9204220000000 -0.0000000454969 1.0000000000000
-0.0000000453350 0.8546780000000 -0.0000000453350 1.0000000000000
-0.0000000451730 1.1505300000000 -0.0000000451730 1.0000000000000
-0.0000000450111 0.9204220000000 -0.0000000450111 1.0000000000000
-0.0000000448492 1.0847800000000 -0.0000000448492 1.0000000000000
-0.0000000446873 1.0519100000000 -0.0000000446873 1.0000000000000
-0.0000000445254 1.0519100000000 -0.0000000445254 1.0000000000000
-0.0000000443635 1.0519100000000 -0.0000000443635 1.0000000000000
-0.0000000442016 0.9532940000000 -0.0000000442016 1.0000000000000
-0.0000000440397 1.1176600000000 -0.0000000440397 1.0000000000000
-0.0000000438778 0.9861670000000 -0.0000000438778 1.0000000000000
-0.0000000437158 0.8218050000000 -0.0000000437158 1.0000000000000
-0.0000000435539 0.4930830000000 -0.0000000435539 1.0000000000000
-0.0000000433920 1.1176600000000 -0.0000000433920 1.0000000000000
-0.0000000432301 0.8546780000000 -0.0000000432301 1.0000000000000
-0.0000000430682 1.0519100000000 -0.0000000430682 1.0000000000000
-0.0000000429063 1.1834000000000 -0.0000000429063 1.0000000000000
-0.0000000427444 1.0190400000000 -0.0000000427444 1.0000000000000
-0.0000000425825 0.7231890000000 -0.0000000425825 1.0000000000000
-0.0000000424206 0.9532940000000 -0.0000000424206 1.0000000000000
-0.0000000422587 0.7889330000000 -0.0000000422587 1.0000000000000
-0.0000000420967 0.9861670000000 -0.0000000420967 1.0000000000000
-0.0000000419348 0.7889330000000 -0.0000000419348 1.0000000000000
-0.0000000417729 1.1834000000000 -0.0000000417729 1.0000000000000
-0.0000000416110 0.6903170000000 -0.0000000416110 1.0000000000000
-0.0000000414491 0.8546780000000 -0.0000000414491 1.0000000000000
-0.0000000412872 1.0190400000000 -0.0000000412872 1.0000000000000
-0.0000000411253 1.2491400000000 -0.0000000411253 1.0000000000000
-0.0000000409634 1.2162700000000 -0.0000000409634 1.0000000000000
-0.0000000408015 0.5917000000000 -0.0000000408015 1.0000000000000
-0.0000000406395 0.7560610000000 -0.0000000406395 1.0000000000000
-0.0000000404776 0.9532940000000 -0.0000000404776 1.0000000000000
-0.0000000403157 1.3148900000000 -0.0000000403157 1.0000000000000
-0.0000000401538 0.8875500000000 -0.0000000401538 1.0000000000000
-0.0000000399919 0.7231890000000 -0.0000000399919 1.0000000000000
-0.0000000398300 0.9204220000000 -0.0000000398300 1.0000000000000
-0.0000000396681 0.8875500000000 -0.0000000396681 1.0000000000000
-0.0000000395062 1.4135100000000 -0.0000000395062 1.0000000000000
-0.0000000393443 0.7560610000000 -0.0000000393443 1.0000000000000
-0.0000000391824 0.7231890000000 -0.0000000391824 1.0000000000000
-0.0000000390204 1.2491400000000 -0.0000000390204 1.0000000000000
-0.0000000388585 0.8218050000000 -0.0000000388585 1.0000000000000
-0.0000000386966 1.1176600000000 -0.0000000386966 1.0000000000000
-0.0000000385347 0.8875500000000 -0.0000000385347 1.0000000000000
-0.0000000383728 1.1176600000000 -0.0000000383728 1.0000000000000
-0.0000000382109 0.8546780000000 -0.0000000382109 1.0000000000000
-0.0000000380490 0.5917000000000 -0.0000000380490 1.0000000000000
-0.0000000378871 0.7231890000000 -0.0000000378871 1.0000000000000
-0.0000000377252 0.7889330000000 -0.0000000377252 1.0000000000000
-0.0000000375632 1.0519100000000 -0.0000000375632 1.0000000000000
-0.0000000374013 1.1176600000000 -0.0000000374013 1.0000000000000
-0.0000000372394 1.4463800000000 -0.0000000372394 1.0000000000000
-0.0000000370775 0.8546780000000 -0.0000000370775 1.0000000000000
-0.0000000369156 0.8546780000000 -0.0000000369156 1.0000000000000
-0.0000000367537 0.4930830000000 -0.0000000367537 1.0000000000000
-0.0000000365918 1.1505300000000 -0.0000000365918 1.0000000000000
-0.0000000364299 0.7889330000000 -0.0000000364299 1.0000000000000
-0.0000000362680 0.9204220000000 -0.0000000362680 1.0000000000000
-0.0000000361061 1.0190400000000 -0.0000000361061 1.0000000000000
-0.0000000359441 1.2820200000000 -0.0000000359441 1.0000000000000
-0.0000000357822 0.9861670000000 -0.0000000357822 1.0000000000000
-0.0000000356203 1.1834000000000 -0.0000000356203 1.0000000000000
-0.0000000354584 0.8218050000000 -0.0000000354584 1.0000000000000
-0.0000000352965 0.9204220000000 -0.0000000352965 1.0000000000000
-0.0000000351346 1.2491400000000 -0.0000000351346 1.0000000000000
-0.0000000349727 1.2491400000000 -0.0000000349727 1.0000000000000
-0.0000000348108 0.7231890000000 -0.0000000348108 1.0000000000000
-0.0000000346489 1.2162700000000 -0.0000000346489 1.0000000000000
-0.0000000344869 1.0519100000000 -0.0000000344869 1.0000000000000
-0.0000000343250 0.7560610000000 -0.0000000343250 1.0000000000000
-0.0000000341631 1.3806300000000 -0.0000000341631 1.0000000000000
-0.0000000340012 1.1176600000000 -0.0000000340012 1.0000000000000
-0.0000000338393 1.2491400000000 -0.0000000338393 1.0000000000000
-0.0000000336774 0.7231890000000 -0.0000000336774 1.0000000000000
-0.0000000335155 0.9532940000000 -0.0000000335155 1.0000000000000
-0.0000000333536 0.9532940000000 -0.0000000333536 1.0000000000000
-0.0000000331917 1.1176600000000 -0.0000000331917 1.0000000000000
-0.0000000330298 1.0519100000000 -0.0000000330298 1.0000000000000
-0.0000000328678 0.7889330000000 -0.0000000328678 1.0000000000000
-0.0000000327059 1.0519100000000 -0.0000000327059 1.0000000000000
-0.0000000325440 0.9532940000000 -0.0000000325440 1.0000000000000
-0.0000000323821 0.7889330000000 -0.0000000323821 1.0000000000000
-0.0000000322202 0.7889330000000 -0.0000000322202 1.0000000000000
-0.0000000320583 1.0190400000000 -0.0000000320583 1.0000000000000
-0.0000000318964 1.0519100000000 -0.0000000318964 1.0000000000000
-0.0000000317345 1.1505300000000 -0.0000000317345 1.0000000000000
-0.0000000315726 0.6903170000000 -0.0000000315726 1.0000000000000
-0.0000000314106 0.9204220000000 -0.0000000314106 1.0000000000000
-0.0000000312487 0.8875500000000 -0.0000000312487 1.0000000000000
-0.0000000310868 1.0847800000000 -0.0000000310868 1.0000000000000
-0.0000000309249 0.9204220000000 -0.0000000309249 1.0000000000000
-0.0000000307630 1.0519100000000 -0.0000000307630 1.0000000000000
-0.0000000306011 0.6903170000000 -0.0000000306011 1.0000000000000
-0.0000000304392 0.9204220000000 -0.0000000304392 1.0000000000000
-0.0000000302773 0.8218050000000 -0.0000000302773 1.0000000000000
-0.0000000301154 0.9861670000000 -0.0000000301154 1.0000000000000
-0.0000000299535 1.2491400000000 -0.0000000299535 1.0000000000000
-0.0000000297915 0.8875500000000 -0.0000000297915 1.0000000000000
-0.0000000296296 0.8546780000000 -0.0000000296296 1.0000000000000
-0.0000000294677 1.1505300000000 -0.0000000294677 1.0000000000000
-0.0000000293058 1.0190400000000 -0.0000000293058 1.0000000000000
-0.0000000291439 0.8218050000000 -0.0000000291439 1.0000000000000
-0.0000000289820 1.2820200000000 -0.0000000289820 1.0000000000000
-0.0000000288201 1.1176600000000 -0.0000000288201 1.0000000000000
-0.0000000286582 1.1176600000000 -0.0000000286582 1.0000000000000
-0.0000000284963 1.1505300000000 -0.0000000284963 1.0000000000000
-0.0000000283343 0.5588280000000 -0.0000000283343 1.0000000000000
-0.0000000281724 1.0190400000000 -0.0000000281724 1.0000000000000
-0.0000000280105 0.6903170000000 -0.0000000280105 1.0000000000000
-0.0000000278486 0.9532940000000 -0.0000000278486 1.0000000000000
-0.0000000276867 1.0519100000000 -0.0000000276867 1.0000000000000
-0.0000000275248 0.8875500000000 -0.0000000275248 1.0000000000000
-0.0000000273629 0.8218050000000 -0.0000000273629 1.0000000000000
-0.0000000272010 0.8875500000000 -0.0000000272010 1.0000000000000
-0.0000000270391 0.8875500000000 -0.0000000270391 1.0000000000000
-0.0000000268772 1.4135100000000 -0.0000000268772 1.0000000000000
-0.0000000267152 0.9204220000000 -0.0000000267152 1.0000000000000
-0.0000000265533 1.0847800000000 -0.0000000265533 1.0000000000000
-0.0000000263914 0.9861670000000 -0.0000000263914 1.0000000000000
-0.0000000262295 0.8218050000000 -0.0000000262295 1.0000000000000
-0.0000000260676 1.3148900000000 -0.0000000260676 1.0000000000000
-0.0000000259057 0.7560610000000 -0.0000000259057 1.0000000000000
-0.0000000257438 0.7889330000000 -0.0000000257438 1.0000000000000
-0.0000000255819 1.0847800000000 -0.0000000255819 1.0000000000000
-0.0000000254200 1.2162700000000 -0.0000000254200 1.0000000000000
-0.0000000252580 0.7889330000000 -0.0000000252580 1.0000000000000
-0.0000000250961 0.9204220000000 -0.0000000250961 1.0000000000000
-0.0000000249342 1.0847800000000 -0.0000000249342 1.0000000000000
-0.0000000247723 1.1505300000000 -0.0000000247723 1.0000000000000
-0.0000000246104 1.0519100000000 -0.0000000246104 1.0000000000000
-0.0000000244485 1.1834000000000 -0.0000000244485 1.0000000000000
-0.0000000242866 1.1834000000000 -0.0000000242866 1.0000000000000
-0.0000000241247 1.0847800000000 -0.0000000241247 1.0000000000000
-0.0000000239628 0.9861670000000 -0.0000000239628 1.0000000000000
-0.0000000238009 0.9204220000000 -0.0000000238009 1.0000000000000
-0.0000000236389 1.1834000000000 -0.0000000236389 1.0000000000000
-0.0000000234770 1.0190400000000 -0.0000000234770 1.0000000000000
-0.0000000233151 0.9861670000000 -0.0000000233151 1.0000000000000
-0.0000000231532 0.7560610000000 -0.0000000231532 1.0000000000000
-0.0000000229913 0.7560610000000 -0.0000000229913 1.0000000000000
-0.0000000228294 1.5778700000000 -0.0000000228294 1.0000000000000
-0.0000000226675 1.2820200000000 -0.0000000226675 1.0000000000000
-0.0000000225056 1.2162700000000 -0.0000000225056 1.0000000000000
-0.0000000223437 1.0847800000000 -0.0000000223437 1.0000000000000
-0.0000000221817 0.8546780000000 -0.0000000221817 1.0000000000000
-0.0000000220198 0.7560610000000 -0.0000000220198 1.0000000000000
-0.0000000218579 1.1505300000000 -0.0000000218579 1.0000000000000
-0.0000000216960 0.9204220000000 -0.0000000216960 1.0000000000000
-0.0000000215341 0.7889330000000 -0.0000000215341 1.0000000000000
-0.0000000213722 0.9532940000000 -0.0000000213722 1.0000000000000
-0.0000000212103 0.7560610000000 -0.0000000212103 1.0000000000000
-0.0000000210484 0.6574440000000 -0.0000000210484 1.0000000000000
-0.0000000208865 0.9204220000000 -0.0000000208865 1.0000000000000
-0.0000000207245 0.5588280000000 -0.0000000207245 1.0000000000000
-0.0000000205626 1.1176600000000 -0.0000000205626 1.0000000000000
-0.0000000204007 0.9861670000000 -0.0000000204007 1.0000000000000
-0.0000000202388 1.0847800000000 -0.0000000202388 1.0000000000000
-0.0000000200769 0.9532940000000 -0.0000000200769 1.0000000000000
-0.0000000199150 0.9861670000000 -0.0000000199150 1.0000000000000
-0.0000000197531 0.8546780000000 -0.0000000197531 1.0000000000000
-0.0000000195912 1.0190400000000 -0.0000000195912 1.0000000000000
-0.0000000194293 0.9532940000000 -0.0000000194293 1.0000000000000
-0.0000000192674 0.9532940000000 -0.0000000192674 1.0000000000000
-0.0000000191054 1.2820200000000 -0.0000000191054 1.0000000000000
-0.0000000189435 1.1834000000000 -0.0000000189435 1.0000000000000
-0.0000000187816 0.9204220000000 -0.0000000187816 1.0000000000000
-0.0000000186197 1.4463800000000 -0.0000000186197 1.0000000000000
-0.0000000184578 1.1505300000000 -0.0000000184578 1.0000000000000
-0.0000000182959 1.2162700000000 -0.0000000182959 1.0000000000000
-0.0000000181340 1.1176600000000 -0.0000000181340 1.0000000000000
-0.0000000179721 1.1176600000000 -0.0000000179721 1.0000000000000
-0.0000000178102 0.9861670000000 -0.0000000178102 1.0000000000000
-0.0000000176482 0.6903170000000 -0.0000000176482 1.0000000000000
-0.0000000174863 1.5449900000000 -0.0000000174863 1.0000000000000
-0.0000000173244 1.2820200000000 -0.0000000173244 1.0000000000000
-0.0000000171625 0.9861670000000 -0.0000000171625 1.0000000000000
-0.0000000170006 0.8218050000000 -0.0000000170006 1.0000000000000
-0.0000000168387 1.2491400000000 -0.0000000168387 1.0000000000000
-0.0000000166768 1.3148900000000 -0.0000000166768 1.0000000000000
-0.0000000165149 1.1176600000000 -0.0000000165149 1.0000000000000
-0.0000000163530 0.8546780000000 -0.0000000163530 1.0000000000000
-0.0000000161911 1.0847800000000 -0.0000000161911 1.0000000000000
-0.0000000160291 0.8218050000000 -0.0000000160291 1.0000000000000
-0.0000000158672 0.9532940000000 -0.0000000158672 1.0000000000000
-0.0000000157053 0.9532940000000 -0.0000000157053 1.0000000000000
-0.0000000155434 1.4792500000000 -0.0000000155434 1.0000000000000
-0.0000000153815 1.2820200000000 -0.0000000153815 1.0000000000000
-0.0000000152196 1.2162700000000 -0.0000000152196 1.0000000000000
-0.0000000150577 1.1505300000000 -0.0000000150577 1.0000000000000
-0.0000000148958 0.7560610000000 -0.0000000148958 1.0000000000000
-0.0000000147339 0.7889330000000 -0.0000000147339 1.0000000000000
-0.0000000145719 1.0190400000000 -0.0000000145719 1.0000000000000
-0.0000000144100 0.8218050000000 -0.0000000144100 1.0000000000000
-0.0000000142481 1.0847800000000 -0.0000000142481 1.0000000000000
-0.0000000140862 1.1176600000000 -0.0000000140862 1.0000000000000
-0.0000000139243 0.9204220000000 -0.0000000139243 1.0000000000000
-0.0000000137624 1.0847800000000 -0.0000000137624 1.0000000000000
-0.0000000136005 1.2820200000000 -0.0000000136005 1.0000000000000
-0.0000000134386 0.8875500000000 -0.0000000134386 1.0000000000000
-0.0000000132767 0.9204220000000 -0.0000000132767 1.0000000000000
-0.0000000131148 0.9204220000000 -0.0000000131148 1.0000000000000
-0.0000000129528 1.0519100000000 -0.0000000129528 1.0000000000000
-0.0000000127909 0.8546780000000 -0.0000000127909 1.0000000000000
-0.0000000126290 0.9861670000000 -0.0000000126290 1.0000000000000
-0.0000000124671 1.2162700000000 -0.0000000124671 1.0000000000000
-0.0000000123052 0.9861670000000 -0.0000000123052 1.0000000000000
-0.0000000121433 0.8875500000000 -0.0000000121433 1.0000000000000
-0.0000000119814 0.8546780000000 -0.0000000119814 1.0000000000000
-0.0000000118195 1.4135100000000 -0.0000000118195 1.0000000000000
-0.0000000116576 1.1505300000000 -0.0000000116576 1.0000000000000
-0.0000000114956 1.3148900000000 -0.0000000114956 1.0000000000000
-0.0000000113337 1.5121200000000 -0.0000000113337 1.0000000000000
-0.0000000111718 0.8875500000000 -0.0000000111718 1.0000000000000
-0.0000000110099 1.1834000000000 -0.0000000110099 1.0000000000000
-0.0000000108480 1.3477600000000 -0.0000000108480 1.0000000000000
-0.0000000106861 1.0190400000000 -0.0000000106861 1.0000000000000
-0.0000000105242 1.1176600000000 -0.0000000105242 1.0000000000000
-0.0000000103623 0.8218050000000 -0.0000000103623 1.0000000000000
-0.0000000102004 1.0847800000000 -0.0000000102004 1.0000000000000
-0.0000000100385 1.3806300000000 -0.0000000100385 1.0000000000000
-0.0000000098765 0.9861670000000 -0.0000000098765 1.0000000000000
-0.0000000097146 1.2162700000000 -0.0000000097146 1.0000000000000
-0.0000000095527 0.7889330000000 -0.0000000095527 1.0000000000000
-0.0000000093908 0.8546780000000 -0.0000000093908 1.0000000000000
-0.0000000092289 1.1834000000000 -0.0000000092289 1.0000000000000
-0.0000000090670 1.1176600000000 -0.0000000090670 1.0000000000000
-0.0000000089051 1.1505300000000 -0.0000000089051 1.0000000000000
-0.0000000087432 1.1176600000000 -0.0000000087432 1.0000000000000
-0.0000000085813 1.0847800000000 -0.0000000085813 1.0000000000000
-0.0000000084193 1.1834000000000 -0.0000000084193 1.0000000000000
-0.0000000082574 0.8546780000000 -0.0000000082574 1.0000000000000
-0.0000000080955 1.0519100000000 -0.0000000080955 1.0000000000000
-0.0000000079336 0.8875500000000 -0.0000000079336 1.0000000000000
-0.0000000077717 1.0847800000000 -0.0000000077717 1.0000000000000
-0.0000000076098 0.5917000000000 -0.0000000076098 1.0000000000000
-0.0000000074479 0.8218050000000 -0.0000000074479 1.0000000000000
-0.0000000072860 1.2162700000000 -0.0000000072860 1.0000000000000
-0.0000000071241 0.8546780000000 -0.0000000071241 1.0000000000000
-0.0000000069622 0.8875500000000 -0.0000000069622 1.0000000000000
-0.0000000068002 0.8218050000000 -0.0000000068002 1.0000000000000
-0.0000000066383 0.9532940000000 -0.0000000066383 1.0000000000000
-0.0000000064764 1.1176600000000 -0.0000000064764 1.0000000000000
-0.0000000063145 0.7231890000000 -0.0000000063145 1.0000000000000
-0.0000000061526 1.1834000000000 -0.0000000061526 1.0000000000000
-0.0000000059907 0.8218050000000 -0.0000000059907 1.0000000000000
-0.0000000058288 1.1176600000000 -0.0000000058288 1.0000000000000
-0.0000000056669 0.8875500000000 -0.0000000056669 1.0000000000000
-0.0000000055050 1.1505300000000 -0.0000000055050 1.0000000000000
-0.0000000053430 0.9204220000000 -0.0000000053430 1.0000000000000
-0.0000000051811 0.8875500000000 -0.0000000051811 1.0000000000000
-0.0000000050192 0.8875500000000 -0.0000000050192 1.0000000000000
-0.0000000048573 0.9204220000000 -0.0000000048573 1.0000000000000
-0.0000000046954 0.9861670000000 -0.0000000046954 1.0000000000000
-0.0000000045335 1.0190400000000 -0.0000000045335 1.0000000000000
-0.0000000043716 0.9532940000000 -0.0000000043716 1.0000000000000
-0.0000000042097 0.9204220000000 -0.0000000042097 1.0000000000000
-0.0000000040478 1.0190400000000 -0.0000000040478 1.0000000000000
-0.0000000038859 0.8875500000000 -0.0000000038859 1.0000000000000
-0.0000000037239 1.1505300000000 -0.0000000037239 1.0000000000000
-0.0000000035620 0.9861670000000 -0.0000000035620 1.0000000000000
-0.0000000034001 1.0519100000000 -0.0000000034001 1.0000000000000
-0.0000000032382 1.0519100000000 -0.0000000032382 1.0000000000000
-0.0000000030763 1.2162700000000 -0.0000000030763 1.0000000000000
-0.0000000029144 1.1834000000000 -0.0000000029144 1.0000000000000
-0.0000000027525 0.9861670000000 -0.0000000027525 1.0000000000000
-0.0000000025906 1.1834000000000 -0.0000000025906 1.0000000000000
-0.0000000024287 1.1834000000000 -0.0000000024287 1.0000000000000
-0.0000000022667 1.6107400000000 -0.0000000022667 1.0000000000000
-0.0000000021048 0.6903170000000 -0.0000000021048 1.0000000000000
-0.0000000019429 1.1505300000000 -0.0000000019429 1.0000000000000
-0.0000000017810 1.0847800000000 -0.0000000017810 1.0000000000000
-0.0000000016191 0.6903170000000 -0.0000000016191 1.0000000000000
-0.0000000014572 1.0519100000000 -0.0000000014572 1.0000000000000
-0.0000000012953 0.9532940000000 -0.0000000012953 1.0000000000000
-0.0000000011334 1.2491400000000 -0.0000000011334 1.0000000000000
-0.0000000009715 1.3148900000000 -0.0000000009715 1.0000000000000
-0.0000000008096 1.1505300000000 -0.0000000008096 1.0000000000000
-0.0000000006476 0.8218050000000 -0.0000000006476 1.0000000000000
-0.0000000004857 1.1176600000000 -0.0000000004857 1.0000000000000
-0.0000000003238 1.1505300000000 -0.0000000003238 1.0000000000000
-0.0000000001619 1.0847800000000 -0.0000000001619 1.0000000000000
0.0000000000000 1.1505300000000 0.0000000000000 1.0000000000000
0.0000000001619 1.3148900000000 0.0000000001619 1.0000000000000
0.0000000003238 1.2162700000000 0.0000000003238 1.0000000000000
0.0000000004857 0.9204220000000 0.0000000004857 1.0000000000000
0.0000000006476 0.9532940000000 0.0000000006476 1.0000000000000
0.0000000008096 1.6764800000000 0.0000000008096 1.0000000000000
0.0000000009715 0.9532940000000 0.0000000009715 1.0000000000000
0.0000000011334 1.1176600000000 0.0000000011334 1.0000000000000
0.0000000012953 1.4463800000000 0.0000000012953 1.0000000000000
0.0000000014572 1.0847800000000 0.0000000014572 1.0000000000000
0.0000000016191 1.2491400000000 0.0000000016191 1.0000000000000
0.0000000017810 0.8875500000000 0.0000000017810 1.0000000000000
0.0000000019429 0.9861670000000 0.0000000019429 1.0000000000000
0.0000000021048 1.1176600000000 0.0000000021048 1.0000000000000
0.0000000022667 1.1834000000000 0.0000000022667 1.0000000000000
0.0000000024287 1.2820200000000 0.0000000024287 1.0000000000000
0.0000000025906 1.0847800000000 0.0000000025906 1.0000000000000
0.0000000027525 1.1176600000000 0.0000000027525 1.0000000000000
0.0000000029144 1.3806300000000 0.0000000029144 1.0000000000000
0.0000000030763 1.4792500000000 0.0000000030763 1.0000000000000
0.0000000032382 1.8079700000000 0.0000000032382 1.0000000000000
0.0000000034001 1.6436100000000 0.0000000034001 1.0000000000000
0.0000000035620 1.6436100000000 0.0000000035620 1.0000000000000
0.0000000037239 1.7093600000000 0.0000000037239 1.0000000000000
0.0000000038859 2.2024400000000 0.0000000038859 1.0000000000000
0.0000000040478 2.5969100000000 0.0000000040478 1.0000000000000
0.0000000042097 2.7612700000000 0.0000000042097 1.0000000000000
0.0000000043716 2.4654200000000 0.0000000043716 1.0000000000000
0.0000000045335 3.0899900000000 0.0000000045335 1.0000000000000
0.0000000046954 2.5640300000000 0.0000000046954 1.0000000000000
0.0000000048573 2.3339300000000 0.0000000048573 1.0000000000000
0.0000000050192 1.7093600000000 0.0000000050192 1.0000000000000
0.0000000051811 2.0052100000000 0.0000000051811 1.0000000000000
0.0000000053430 2.0709500000000 0.0000000053430 1.0000000000000
0.0000000055050 1.8079700000000 0.0000000055050 1.0000000000000
0.0000000056669 2.4325400000000 0.0000000056669 1.0000000000000
0.0000000058288 2.1038200000000 0.0000000058288 1.0000000000000
0.0000000059907 2.1038200000000 0.0000000059907 1.0000000000000
0.0000000061526 2.5640300000000 0.0000000061526 1.0000000000000
0.0000000063145 2.7612700000000 0.0000000063145 1.0000000000000
0.0000000064764 2.6297800000000 0.0000000064764 1.0000000000000
0.0000000066383 4.5034900000000 0.0000000066383 1.0000000000000
0.0000000068002 4.0761600000000 0.0000000068002 1.0000000000000
0.0000000069622 3.7803100000000 0.0000000069622 1.0000000000000
0.0000000071241 3.2872200000000 0.0000000071241 1.0000000000000
0.0000000072860 2.1038200000000 0.0000000072860 1.0000000000000
0.0000000074479 2.1695700000000 0.0000000074479 1.0000000000000
0.0000000076098 1.9394600000000 0.0000000076098 1.0000000000000
0.0000000077717 2.5969100000000 0.0000000077717 1.0000000000000
0.0000000079336 1.6764800000000 0.0000000079336 1.0000000000000
0.0000000080955 1.8408400000000 0.0000000080955 1.0000000000000
0.0000000082574 2.0380800000000 0.0000000082574 1.0000000000000
0.0000000084193 1.6107400000000 0.0000000084193 1.0000000000000
0.0000000085813 1.4135100000000 0.0000000085813 1.0000000000000
0.0000000087432 2.3668000000000 0.0000000087432 1.0000000000000
0.0000000089051 2.4654200000000 0.0000000089051 1.0000000000000
0.0000000090670 2.9913700000000 0.0000000090670 1.0000000000000
0.0000000092289 2.3010600000000 0.0000000092289 1.0000000000000
0.0000000093908 2.1366900000000 0.0000000093908 1.0000000000000
0.0000000095527 1.9723300000000 0.0000000095527 1.0000000000000
0.0000000097146 1.8079700000000 0.0000000097146 1.0000000000000
0.0000000098765 1.9723300000000 0.0000000098765 1.0000000000000
0.0000000100385 1.2491400000000 0.0000000100385 1.0000000000000
0.0000000102004 1.6764800000000 0.0000000102004 1.0000000000000
0.0000000103623 1.2491400000000 0.0000000103623 1.0000000000000
0.0000000105242 1.2491400000000 0.0000000105242 1.0000000000000
0.0000000106861 1.1505300000000 0.0000000106861 1.0000000000000
0.0000000108480 1.0847800000000 0.0000000108480 1.0000000000000
0.0000000110099 1.2820200000000 0.0000000110099 1.0000000000000
0.0000000111718 1.4463800000000 0.0000000111718 1.0000000000000
0.0000000113337 1.2820200000000 0.0000000113337 1.0000000000000
0.0000000114956 1.1834000000000 0.0000000114956 1.0000000000000
0.0000000116576 0.7560610000000 0.0000000116576 1.0000000000000
0.0000000118195 0.9861670000000 0.0000000118195 1.0000000000000
0.0000000119814 0.7231890000000 0.0000000119814 1.0000000000000
0.0000000121433 1.1505300000000 0.0000000121433 1.0000000000000
0.0000000123052 1.0847800000000 0.0000000123052 1.0000000000000
0.0000000124671 1.2820200000000 0.0000000124671 1.0000000000000
0.0000000126290 1.2162700000000 0.0000000126290 1.0000000000000
0.0000000127909 0.9861670000000 0.0000000127909 1.0000000000000
0.0000000129528 1.2162700000000 0.0000000129528 1.0000000000000
0.0000000131148 0.6574440000000 0.0000000131148 1.0000000000000
0.0000000132767 1.0847800000000 0.0000000132767 1.0000000000000
0.0000000134386 1.1176600000000 0.0000000134386 1.0000000000000
0.0000000136005 1.0519100000000 0.0000000136005 1.0000000000000
0.0000000137624 0.7889330000000 0.0000000137624 1.0000000000000
0.0000000139243 1.0847800000000 0.0000000139243 1.0000000000000
0.0000000140862 1.0847800000000 0.0000000140862 1.0000000000000
0.0000000142481 1.1834000000000 0.0000000142481 1.0000000000000
0.0000000144100 0.8875500000000 0.0000000144100 1.0000000000000
0.0000000145719 1.0847800000000 0.0000000145719 1.0000000000000
0.0000000147339 1.1176600000000 0.0000000147339 1.0000000000000
0.0000000148958 1.0519100000000 0.0000000148958 1.0000000000000
0.0000000150577 0.9861670000000 0.0000000150577 1.0000000000000
0.0000000152196 0.7889330000000 0.0000000152196 1.0000000000000
0.0000000153815 1.2820200000000 0.0000000153815 1.0000000000000
0.0000000155434 1.0847800000000 0.0000000155434 1.0000000000000
0.0000000157053 1.1176600000000 0.0000000157053 1.0000000000000
0.0000000158672 1.1505300000000 0.0000000158672 1.0000000000000
0.0000000160291 0.9204220000000 0.0000000160291 1.0000000000000
0.0000000161911 0.8546780000000 0.0000000161911 1.0000000000000
0.0000000163530 1.1505300000000 0.0000000163530 1.0000000000000
0.0000000165149 0.7560610000000 0.0000000165149 1.0000000000000
0.0000000166768 0.8875500000000 0.0000000166768 1.0000000000000
0.0000000168387 1.2820200000000 0.0000000168387 1.0000000000000
0.0000000170006 1.2491400000000 0.0000000170006 1.0000000000000
0.0000000171625 1.0847800000000 0.0000000171625 1.0000000000000
0.0000000173244 1.0519100000000 0.0000000173244 1.0000000000000
0.0000000174863 1.1505300000000 0.0000000174863 1.0000000000000
0.0000000176482 0.7560610000000 0.0000000176482 1.0000000000000
0.0000000178102 0.5917000000000 0.0000000178102 1.0000000000000
0.0000000179721 1.2162700000000 0.0000000179721 1.0000000000000
0.0000000181340 1.0190400000000 0.0000000181340 1.0000000000000
0.0000000182959 0.9204220000000 0.0000000182959 1.0000000000000
0.0000000184578 1.3806300000000 0.0000000184578 1.0000000000000
0.0000000186197 1.0519100000000 0.0000000186197 1.0000000000000
0.0000000187816 0.8218050000000 0.0000000187816 1.0000000000000
0.0000000189435 1.0519100000000 0.0000000189435 1.0000000000000
0.0000000191054 1.1505300000000 0.0000000191054 1.0000000000000
0.0000000192674 0.9532940000000 0.0000000192674 1.0000000000000
0.0000000194293 0.6903170000000 0.0000000194293 1.0000000000000
0.0000000195912 1.0519100000000 0.0000000195912 1.0000000000000
0.0000000197531 0.7231890000000 0.0000000197531 1.0000000000000
0.0000000199150 0.8218050000000 0.0000000199150 1.0000000000000
0.0000000200769 1.5121200000000 0.0000000200769 1.0000000000000
0.0000000202388 1.1834000000000 0.0000000202388 1.0000000000000
0.0000000204007 1.1505300000000 0.0000000204007 1.0000000000000
0.0000000205626 0.9532940000000 0.0000000205626 1.0000000000000
0.0000000207245 0.9861670000000 0.0000000207245 1.0000000000000
0.0000000208865 0.8546780000000 0.0000000208865 1.0000000000000
0.0000000210484 0.9861670000000 0.0000000210484 1.0000000000000
0.0000000212103 0.9861670000000 0.0000000212103 1.0000000000000
0.0000000213722 0.9861670000000 0.0000000213722 1.0000000000000
0.0000000215341 1.0519100000000 0.0000000215341 1.0000000000000
0.0000000216960 0.9204220000000 0.0000000216960 1.0000000000000
0.0000000218579 0.9861670000000 0.0000000218579 1.0000000000000
0.0000000220198 1.1176600000000 0.0000000220198 1.0000000000000
0.0000000221817 0.9861670000000 0.0000000221817 1.0000000000000
0.0000000223437 1.2491400000000 0.0000000223437 1.0000000000000
0.0000000225056 0.8875500000000 0.0000000225056 1.0000000000000
0.0000000226675 1.0847800000000 0.0000000226675 1.0000000000000
0.0000000228294 1.0190400000000 0.0000000228294 1.0000000000000
0.0000000229913 0.9204220000000 0.0000000229913 1.0000000000000
0.0000000231532 0.8875500000000 0.0000000231532 1.0000000000000
0.0000000233151 0.8218050000000 0.0000000233151 1.0000000000000
0.0000000234770 0.6574440000000 0.0000000234770 1.0000000000000
0.0000000236389 1.0190400000000 0.0000000236389 1.0000000000000
0.0000000238009 0.9532940000000 0.0000000238009 1.0000000000000
0.0000000239628 0.8218050000000 0.0000000239628 1.0000000000000
0.0000000241247 1.3806300000000 0.0000000241247 1.0000000000000
0.0000000242866 0.9861670000000 0.0000000242866 1.0000000000000
0.0000000244485 0.9204220000000 0.0000000244485 1.0000000000000
0.0000000246104 0.8875500000000 0.0000000246104 1.0000000000000
0.0000000247723 1.0847800000000 0.0000000247723 1.0000000000000
0.0000000249342 0.7560610000000 0.0000000249342 1.0000000000000
0.0000000250961 0.9204220000000 0.0000000250961 1.0000000000000
0.0000000252580 0.8875500000000 0.0000000252580 1.0000000000000
0.0000000254200 1.0190400000000 0.0000000254200 1.0000000000000
0.0000000255819 1.0190400000000 0.0000000255819 1.0000000000000
0.0000000257438 0.8875500000000 0.0000000257438 1.0000000000000
0.0000000259057 1.0519100000000 0.0000000259057 1.0000000000000
0.0000000260676 1.0190400000000 0.0000000260676 1.0000000000000
0.0000000262295 0.7889330000000 0.0000000262295 1.0000000000000
0.0000000263914 0.7889330000000 0.0000000263914 1.0000000000000
0.0000000265533 0.9532940000000 0.0000000265533 1.0000000000000
0.0000000267152 1.0847800000000 0.0000000267152 1.0000000000000
0.0000000268772 0.8875500000000 0.0000000268772 1.0000000000000
0.0000000270391 1.0519100000000 0.0000000270391 1.0000000000000
0.0000000272010 0.7889330000000 0.0000000272010 1.0000000000000
0.0000000273629 0.9204220000000 0.0000000273629 1.0000000000000
0.0000000275248 0.8218050000000 0.0000000275248 1.0000000000000
0.0000000276867 1.0190400000000 0.0000000276867 1.0000000000000
0.0000000278486 1.1176600000000 0.0000000278486 1.0000000000000
0.0000000280105 1.1176600000000 0.0000000280105 1.0000000000000
0.0000000281724 1.3148900000000 0.0000000281724 1.0000000000000
0.0000000283343 0.8546780000000 0.0000000283343 1.0000000000000
0.0000000284963 0.9204220000000 0.0000000284963 1.0000000000000
0.0000000286582 0.9861670000000 0.0000000286582 1.0000000000000
0.0000000288201 0.9861670000000 0.0000000288201 1.0000000000000
0.0000000289820 0.8546780000000 0.0000000289820 1.0000000000000
0.0000000291439 0.7231890000000 0.0000000291439 1.0000000000000
0.0000000293058 0.9204220000000 0.0000000293058 1.0000000000000
0.0000000294677 1.2491400000000 0.0000000294677 1.0000000000000
0.0000000296296 0.9204220000000 0.0000000296296 1.0000000000000
0.0000000297915 1.0190400000000 0.0000000297915 1.0000000000000
0.0000000299535 1.2162700000000 0.0000000299535 1.0000000000000
0.0000000301154 1.2162700000000 0.0000000301154 1.0000000000000
0.0000000302773 1.4135100000000 0.0000000302773 1.0000000000000
0.0000000304392 1.0190400000000 0.0000000304392 1.0000000000000
0.0000000306011 0.6903170000000 0.0000000306011 1.0000000000000
0.0000000307630 1.0190400000000 0.0000000307630 1.0000000000000
0.0000000309249 0.8218050000000 0.0000000309249 1.0000000000000
0.0000000310868 1.1834000000000 0.0000000310868 1.0000000000000
0.0000000312487 1.1834000000000 0.0000000312487 1.0000000000000
0.0000000314106 1.1176600000000 0.0000000314106 1.0000000000000
0.0000000315726 1.0519100000000 0.0000000315726 1.0000000000000
0.0000000317345 1.3806300000000 0.0000000317345 1.0000000000000
0.0000000318964 1.6436100000000 0.0000000318964 1.0000000000000
0.0000000320583 0.9861670000000 0.0000000320583 1.0000000000000
0.0000000322202 0.7889330000000 0.0000000322202 1.0000000000000
0.0000000323821 0.8546780000000 0.0000000323821 1.0000000000000
0.0000000325440 0.9861670000000 0.0000000325440 1.0000000000000
0.0000000327059 0.9532940000000 0.0000000327059 1.0000000000000
0.0000000328678 1.0847800000000 0.0000000328678 1.0000000000000
0.0000000330298 1.0847800000000 0.0000000330298 1.0000000000000
0.0000000331917 1.1505300000000 0.0000000331917 1.0000000000000
0.0000000333536 0.9861670000000 0.0000000333536 1.0000000000000
0.0000000335155 1.4792500000000 0.0000000335155 1.0000000000000
0.0000000336774 0.8875500000000 0.0000000336774 1.0000000000000
0.0000000338393 1.0190400000000 0.0000000338393 1.0000000000000
0.0000000340012 1.2820200000000 0.0000000340012 1.0000000000000
0.0000000341631 1.0847800000000 0.0000000341631 1.0000000000000
0.0000000343250 1.5449900000000 0.0000000343250 1.0000000000000
0.0000000344869 0.8875500000000 0.0000000344869 1.0000000000000
0.0000000346489 0.9204220000000 0.0000000346489 1.0000000000000
0.0000000348108 1.1505300000000 0.0000000348108 1.0000000000000
0.0000000349727 0.9861670000000 0.0000000349727 1.0000000000000
0.0000000351346 1.4463800000000 0.0000000351346 1.0000000000000
0.0000000352965 0.8875500000000 0.0000000352965 1.0000000000000
0.0000000354584 0.9532940000000 0.0000000354584 1.0000000000000
0.0000000356203 1.2162700000000 0.0000000356203 1.0000000000000
0.0000000357822 0.9532940000000 0.0000000357822 1.0000000000000
0.0000000359441 0.8218050000000 0.0000000359441 1.0000000000000
0.0000000361061 0.8875500000000 0.0000000361061 1.0000000000000
0.0000000362680 1.0190400000000 0.0000000362680 1.0000000000000
0.0000000364299 1.3477600000000 0.0000000364299 1.0000000000000
0.0000000365918 0.7560610000000 0.0000000365918 1.0000000000000
0.0000000367537 0.8546780000000 0.0000000367537 1.0000000000000
0.0000000369156 0.9861670000000 0.0000000369156 1.0000000000000
0.0000000370775 0.9861670000000 0.0000000370775 1.0000000000000
0.0000000372394 1.0519100000000 0.0000000372394 1.0000000000000
0.0000000374013 0.9861670000000 0.0000000374013 1.0000000000000
0.0000000375632 0.8546780000000 0.0000000375632 1.0000000000000
0.0000000377252 0.9861670000000 0.0000000377252 1.0000000000000
0.0000000378871 0.8875500000000 0.0000000378871 1.0000000000000
0.0000000380490 1.2491400000000 0.0000000380490 1.0000000000000
0.0000000382109 1.0190400000000 0.0000000382109 1.0000000000000
0.0000000383728 0.7889330000000 0.0000000383728 1.0000000000000
0.0000000385347 0.9204220000000 0.0000000385347 1.0000000000000
0.0000000386966 0.8218050000000 0.0000000386966 1.0000000000000
0.0000000388585 0.8546780000000 0.0000000388585 1.0000000000000
0.0000000390204 0.6903170000000 0.0000000390204 1.0000000000000
0.0000000391824 0.9204220000000 0.0000000391824 1.0000000000000
0.0000000393443 1.3148900000000 0.0000000393443 1.0000000000000
0.0000000395062 0.7560610000000 0.0000000395062 1.0000000000000
0.0000000396681 0.8875500000000 0.0000000396681 1.0000000000000
0.0000000398300 1.2820200000000 0.0000000398300 1.0000000000000
0.0000000399919 0.9204220000000 0.0000000399919 1.0000000000000
0.0000000401538 0.8546780000000 0.0000000401538 1.0000000000000
0.0000000403157 1.2491400000000 0.0000000403157 1.0000000000000
0.0000000404776 0.8546780000000 0.0000000404776 1.0000000000000
0.0000000406395 0.7560610000000 0.0000000406395 1.0000000000000
0.0000000408015 0.7560610000000 0.0000000408015 1.0000000000000
0.0000000409634 1.1834000000000 0.0000000409634 1.0000000000000
0.0000000411253 0.9861670000000 0.0000000411253 1.0000000000000
0.0000000412872 1.2162700000000 0.0000000412872 1.0000000000000
0.0000000414491 1.3806300000000 0.0000000414491 1.0000000000000
0.0000000416110 1.2162700000000 0.0000000416110 1.0000000000000
0.0000000417729 0.9532940000000 0.0000000417729 1.0000000000000
0.0000000419348 0.8218050000000 0.0000000419348 1.0000000000000
0.0000000420967 1.0190400000000 0.0000000420967 1.0000000000000
0.0000000422587 1.2820200000000 0.0000000422587 1.0000000000000
0.0000000424206 0.8218050000000 0.0000000424206 1.0000000000000
0.0000000425825 1.0190400000000 0.0000000425825 1.0000000000000
0.0000000427444 0.9532940000000 0.0000000427444 1.0000000000000
0.0000000429063 1.3148900000000 0.0000000429063 1.0000000000000
0.0000000430682 0.9204220000000 0.0000000430682 1.0000000000000
0.0000000432301 1.2491400000000 0.0000000432301 1.0000000000000
0.0000000433920 0.9861670000000 0.0000000433920 1.0000000000000
0.0000000435539 0.7231890000000 0.0000000435539 1.0000000000000
0.0000000437158 0.9532940000000 0.0000000437158 1.0000000000000
0.0000000438778 0.8218050000000 0.0000000438778 1.0000000000000
0.0000000440397 0.8218050000000 0.0000000440397 1.0000000000000
0.0000000442016 1.0847800000000 0.0000000442016 1.0000000000000
0.0000000443635 1.4135100000000 0.0000000443635 1.0000000000000
0.0000000445254 1.2162700000000 0.0000000445254 1.0000000000000
0.0000000446873 0.8546780000000 0.0000000446873 1.0000000000000
0.0000000448492 1.0519100000000 0.0000000448492 1.0000000000000
0.0000000450111 1.1176600000000 0.0000000450111 1.0000000000000
0.0000000451730 0.9532940000000 0.0000000451730 1.0000000000000
0.0000000453350 1.4463800000000 0.0000000453350 1.0000000000000
0.0000000454969 0.9861670000000 0.0000000454969 1.0000000000000
0.0000000456588 1.2491400000000 0.0000000456588 1.0000000000000
0.0000000458207 0.9861670000000 0.0000000458207 1.0000000000000
0.0000000459826 1.1176600000000 0.0000000459826 1.0000000000000
0.0000000461445 0.9204220000000 0.0000000461445 1.0000000000000
0.0000000463064 1.0519100000000 0.0000000463064 1.0000000000000
0.0000000464683 0.8875500000000 0.0000000464683 1.0000000000000
0.0000000466302 1.1505300000000 0.0000000466302 1.0000000000000
0.0000000467921 0.7560610000000 0.0000000467921 1.0000000000000
0.0000000469541 0.8875500000000 0.0000000469541 1.0000000000000
0.0000000471160 0.9204220000000 0.0000000471160 1.0000000000000
0.0000000472779 1.4463800000000 0.0000000472779 1.0000000000000
0.0000000474398 0.8218050000000 0.0000000474398 1.0000000000000
0.0000000476017 1.0190400000000 0.0000000476017 1.0000000000000
0.0000000477636 0.7560610000000 0.0000000477636 1.0000000000000
0.0000000479255 1.3806300000000 0.0000000479255 1.0000000000000
0.0000000480874 0.9861670000000 0.0000000480874 1.0000000000000
0.0000000482493 1.1505300000000 0.0000000482493 1.0000000000000
0.0000000484113 1.3477600000000 0.0000000484113 1.0000000000000
0.0000000485732 1.1176600000000 0.0000000485732 1.0000000000000
0.0000000487351 1.1834000000000 0.0000000487351 1.0000000000000
0.0000000488970 0.8875500000000 0.0000000488970 1.0000000000000
0.0000000490589 0.9861670000000 0.0000000490589 1.0000000000000
0.0000000492208 1.1834000000000 0.0000000492208 1.0000000000000
0.0000000493827 1.0519100000000 0.0000000493827 1.0000000000000
0.0000000495446 1.2162700000000 0.0000000495446 1.0000000000000
0.0000000497065 1.2162700000000 0.0000000497065 1.0000000000000
0.0000000498684 1.0190400000000 0.0000000498684 1.0000000000000
0.0000000500304 0.7889330000000 0.0000000500304 1.0000000000000
