tau (s) g^2(tau) - HBT Measurement
tau (s) - none Fit g^2(tau) - none Fit
0.0000000000000 25.0000000000000 NaN NaN
0.0000000001619 25.0000000000000 NaN NaN
0.0000000003238 38.0000000000000 NaN NaN
0.0000000004857 40.0000000000000 NaN NaN
0.0000000006476 30.0000000000000 NaN NaN
0.0000000008096 30.0000000000000 NaN NaN
0.0000000009715 37.0000000000000 NaN NaN
0.0000000011334 42.0000000000000 NaN NaN
0.0000000012953 38.0000000000000 NaN NaN
0.0000000014572 28.0000000000000 NaN NaN
0.0000000016191 32.0000000000000 NaN NaN
0.0000000017810 28.0000000000000 NaN NaN
0.0000000019429 26.0000000000000 NaN NaN
0.0000000021048 25.0000000000000 NaN NaN
0.0000000022667 31.0000000000000 NaN NaN
0.0000000024287 42.0000000000000 NaN NaN
0.0000000025906 34.0000000000000 NaN NaN
0.0000000027525 35.0000000000000 NaN NaN
0.0000000029144 48.0000000000000 NaN NaN
0.0000000030763 42.0000000000000 NaN NaN
0.0000000032382 42.0000000000000 NaN NaN
0.0000000034001 42.0000000000000 NaN NaN
0.0000000035620 52.0000000000000 NaN NaN
0.0000000037239 43.0000000000000 NaN NaN
0.0000000038859 64.0000000000000 NaN NaN
0.0000000040478 61.0000000000000 NaN NaN
0.0000000042097 71.0000000000000 NaN NaN
0.0000000043716 65.0000000000000 NaN NaN
0.0000000045335 78.0000000000000 NaN NaN
0.0000000046954 79.0000000000000 NaN NaN
0.0000000048573 82.0000000000000 NaN NaN
0.0000000050192 66.0000000000000 NaN NaN
0.0000000051811 44.0000000000000 NaN NaN
0.0000000053430 49.0000000000000 NaN NaN
0.0000000055050 52.0000000000000 NaN NaN
0.0000000056669 61.0000000000000 NaN NaN
0.0000000058288 60.0000000000000 NaN NaN
0.0000000059907 65.0000000000000 NaN NaN
0.0000000061526 65.0000000000000 NaN NaN
0.0000000063145 83.0000000000000 NaN NaN
0.0000000064764 79.0000000000000 NaN NaN
0.0000000066383 96.0000000000000 NaN NaN
0.0000000068002 95.0000000000000 NaN NaN
0.0000000069622 120.0000000000000 NaN NaN
0.0000000071241 99.0000000000000 NaN NaN
0.0000000072860 91.0000000000000 NaN NaN
0.0000000074479 70.0000000000000 NaN NaN
0.0000000076098 62.0000000000000 NaN NaN
0.0000000077717 61.0000000000000 NaN NaN
0.0000000079336 60.0000000000000 NaN NaN
0.0000000080955 49.0000000000000 NaN NaN
0.0000000082574 55.0000000000000 NaN NaN
0.0000000084193 52.0000000000000 NaN NaN
0.0000000085813 61.0000000000000 NaN NaN
0.0000000087432 50.0000000000000 NaN NaN
0.0000000089051 73.0000000000000 NaN NaN
0.0000000090670 79.0000000000000 NaN NaN
0.0000000092289 64.0000000000000 NaN NaN
0.0000000093908 66.0000000000000 NaN NaN
0.0000000095527 69.0000000000000 NaN NaN
0.0000000097146 40.0000000000000 NaN NaN
0.0000000098765 48.0000000000000 NaN NaN
0.0000000100385 48.0000000000000 NaN NaN
0.0000000102004 39.0000000000000 NaN NaN
0.0000000103623 49.0000000000000 NaN NaN
0.0000000105242 32.0000000000000 NaN NaN
0.0000000106861 37.0000000000000 NaN NaN
0.0000000108480 31.0000000000000 NaN NaN
0.0000000110099 43.0000000000000 NaN NaN
0.0000000111718 46.0000000000000 NaN NaN
0.0000000113337 42.0000000000000 NaN NaN
0.0000000114956 34.0000000000000 NaN NaN
0.0000000116576 36.0000000000000 NaN NaN
0.0000000118195 28.0000000000000 NaN NaN
0.0000000119814 26.0000000000000 NaN NaN
0.0000000121433 23.0000000000000 NaN NaN
0.0000000123052 33.0000000000000 NaN NaN
0.0000000124671 24.0000000000000 NaN NaN
0.0000000126290 39.0000000000000 NaN NaN
0.0000000127909 25.0000000000000 NaN NaN
0.0000000129528 26.0000000000000 NaN NaN
0.0000000131148 29.0000000000000 NaN NaN
0.0000000132767 37.0000000000000 NaN NaN
0.0000000134386 21.0000000000000 NaN NaN
0.0000000136005 40.0000000000000 NaN NaN
0.0000000137624 30.0000000000000 NaN NaN
0.0000000139243 41.0000000000000 NaN NaN
0.0000000140862 31.0000000000000 NaN NaN
0.0000000142481 26.0000000000000 NaN NaN
0.0000000144100 42.0000000000000 NaN NaN
0.0000000145719 34.0000000000000 NaN NaN
0.0000000147339 24.0000000000000 NaN NaN
0.0000000148958 32.0000000000000 NaN NaN
0.0000000150577 33.0000000000000 NaN NaN
0.0000000152196 25.0000000000000 NaN NaN
0.0000000153815 29.0000000000000 NaN NaN
0.0000000155434 25.0000000000000 NaN NaN
0.0000000157053 35.0000000000000 NaN NaN
0.0000000158672 34.0000000000000 NaN NaN
0.0000000160291 29.0000000000000 NaN NaN
0.0000000161911 29.0000000000000 NaN NaN
0.0000000163530 33.0000000000000 NaN NaN
0.0000000165149 38.0000000000000 NaN NaN
0.0000000166768 26.0000000000000 NaN NaN
0.0000000168387 29.0000000000000 NaN NaN
0.0000000170006 31.0000000000000 NaN NaN
0.0000000171625 21.0000000000000 NaN NaN
0.0000000173244 35.0000000000000 NaN NaN
0.0000000174863 33.0000000000000 NaN NaN
0.0000000176482 26.0000000000000 NaN NaN
0.0000000178102 24.0000000000000 NaN NaN
0.0000000179721 35.0000000000000 NaN NaN
0.0000000181340 30.0000000000000 NaN NaN
0.0000000182959 38.0000000000000 NaN NaN
0.0000000184578 28.0000000000000 NaN NaN
0.0000000186197 37.0000000000000 NaN NaN
0.0000000187816 31.0000000000000 NaN NaN
0.0000000189435 25.0000000000000 NaN NaN
0.0000000191054 37.0000000000000 NaN NaN
0.0000000192674 34.0000000000000 NaN NaN
0.0000000194293 31.0000000000000 NaN NaN
0.0000000195912 28.0000000000000 NaN NaN
0.0000000197531 29.0000000000000 NaN NaN
0.0000000199150 33.0000000000000 NaN NaN
0.0000000200769 26.0000000000000 NaN NaN
0.0000000202388 41.0000000000000 NaN NaN
0.0000000204007 26.0000000000000 NaN NaN
0.0000000205626 27.0000000000000 NaN NaN
0.0000000207245 31.0000000000000 NaN NaN
0.0000000208865 27.0000000000000 NaN NaN
0.0000000210484 35.0000000000000 NaN NaN
0.0000000212103 31.0000000000000 NaN NaN
0.0000000213722 15.0000000000000 NaN NaN
0.0000000215341 28.0000000000000 NaN NaN
0.0000000216960 22.0000000000000 NaN NaN
0.0000000218579 28.0000000000000 NaN NaN
0.0000000220198 30.0000000000000 NaN NaN
0.0000000221817 25.0000000000000 NaN NaN
0.0000000223437 29.0000000000000 NaN NaN
0.0000000225056 30.0000000000000 NaN NaN
0.0000000226675 34.0000000000000 NaN NaN
0.0000000228294 34.0000000000000 NaN NaN
0.0000000229913 32.0000000000000 NaN NaN
0.0000000231532 19.0000000000000 NaN NaN
0.0000000233151 30.0000000000000 NaN NaN
0.0000000234770 22.0000000000000 NaN NaN
0.0000000236389 34.0000000000000 NaN NaN
0.0000000238009 32.0000000000000 NaN NaN
0.0000000239628 30.0000000000000 NaN NaN
0.0000000241247 28.0000000000000 NaN NaN
0.0000000242866 32.0000000000000 NaN NaN
0.0000000244485 25.0000000000000 NaN NaN
0.0000000246104 40.0000000000000 NaN NaN
0.0000000247723 34.0000000000000 NaN NaN
0.0000000249342 32.0000000000000 NaN NaN
0.0000000250961 22.0000000000000 NaN NaN
0.0000000252580 19.0000000000000 NaN NaN
0.0000000254200 25.0000000000000 NaN NaN
0.0000000255819 32.0000000000000 NaN NaN
0.0000000257438 43.0000000000000 NaN NaN
0.0000000259057 33.0000000000000 NaN NaN
0.0000000260676 31.0000000000000 NaN NaN
0.0000000262295 36.0000000000000 NaN NaN
0.0000000263914 26.0000000000000 NaN NaN
0.0000000265533 19.0000000000000 NaN NaN
0.0000000267152 31.0000000000000 NaN NaN
0.0000000268772 37.0000000000000 NaN NaN
0.0000000270391 33.0000000000000 NaN NaN
0.0000000272010 24.0000000000000 NaN NaN
0.0000000273629 28.0000000000000 NaN NaN
0.0000000275248 37.0000000000000 NaN NaN
0.0000000276867 32.0000000000000 NaN NaN
0.0000000278486 27.0000000000000 NaN NaN
0.0000000280105 26.0000000000000 NaN NaN
0.0000000281724 35.0000000000000 NaN NaN
0.0000000283343 26.0000000000000 NaN NaN
0.0000000284963 26.0000000000000 NaN NaN
0.0000000286582 36.0000000000000 NaN NaN
0.0000000288201 30.0000000000000 NaN NaN
0.0000000289820 28.0000000000000 NaN NaN
0.0000000291439 36.0000000000000 NaN NaN
0.0000000293058 27.0000000000000 NaN NaN
0.0000000294677 29.0000000000000 NaN NaN
0.0000000296296 34.0000000000000 NaN NaN
0.0000000297915 29.0000000000000 NaN NaN
0.0000000299535 35.0000000000000 NaN NaN
0.0000000301154 26.0000000000000 NaN NaN
0.0000000302773 27.0000000000000 NaN NaN
0.0000000304392 26.0000000000000 NaN NaN
0.0000000306011 34.0000000000000 NaN NaN
0.0000000307630 31.0000000000000 NaN NaN
0.0000000309249 19.0000000000000 NaN NaN
0.0000000310868 29.0000000000000 NaN NaN
0.0000000312487 20.0000000000000 NaN NaN
0.0000000314106 30.0000000000000 NaN NaN
0.0000000315726 28.0000000000000 NaN NaN
0.0000000317345 26.0000000000000 NaN NaN
0.0000000318964 32.0000000000000 NaN NaN
0.0000000320583 39.0000000000000 NaN NaN
0.0000000322202 24.0000000000000 NaN NaN
0.0000000323821 34.0000000000000 NaN NaN
0.0000000325440 29.0000000000000 NaN NaN
0.0000000327059 20.0000000000000 NaN NaN
0.0000000328678 24.0000000000000 NaN NaN
0.0000000330298 35.0000000000000 NaN NaN
0.0000000331917 28.0000000000000 NaN NaN
0.0000000333536 24.0000000000000 NaN NaN
0.0000000335155 26.0000000000000 NaN NaN
0.0000000336774 29.0000000000000 NaN NaN
0.0000000338393 31.0000000000000 NaN NaN
0.0000000340012 43.0000000000000 NaN NaN
0.0000000341631 28.0000000000000 NaN NaN
0.0000000343250 31.0000000000000 NaN NaN
0.0000000344869 37.0000000000000 NaN NaN
0.0000000346489 31.0000000000000 NaN NaN
0.0000000348108 31.0000000000000 NaN NaN
0.0000000349727 22.0000000000000 NaN NaN
0.0000000351346 34.0000000000000 NaN NaN
0.0000000352965 29.0000000000000 NaN NaN
0.0000000354584 38.0000000000000 NaN NaN
0.0000000356203 31.0000000000000 NaN NaN
0.0000000357822 35.0000000000000 NaN NaN
0.0000000359441 36.0000000000000 NaN NaN
0.0000000361061 20.0000000000000 NaN NaN
0.0000000362680 26.0000000000000 NaN NaN
0.0000000364299 20.0000000000000 NaN NaN
0.0000000365918 36.0000000000000 NaN NaN
0.0000000367537 28.0000000000000 NaN NaN
0.0000000369156 31.0000000000000 NaN NaN
0.0000000370775 29.0000000000000 NaN NaN
0.0000000372394 34.0000000000000 NaN NaN
0.0000000374013 29.0000000000000 NaN NaN
0.0000000375632 21.0000000000000 NaN NaN
0.0000000377252 21.0000000000000 NaN NaN
0.0000000378871 38.0000000000000 NaN NaN
0.0000000380490 26.0000000000000 NaN NaN
0.0000000382109 37.0000000000000 NaN NaN
0.0000000383728 24.0000000000000 NaN NaN
0.0000000385347 27.0000000000000 NaN NaN
0.0000000386966 34.0000000000000 NaN NaN
0.0000000388585 30.0000000000000 NaN NaN
0.0000000390204 23.0000000000000 NaN NaN
0.0000000391824 37.0000000000000 NaN NaN
0.0000000393443 33.0000000000000 NaN NaN
0.0000000395062 22.0000000000000 NaN NaN
0.0000000396681 27.0000000000000 NaN NaN
0.0000000398300 30.0000000000000 NaN NaN
0.0000000399919 35.0000000000000 NaN NaN
0.0000000401538 22.0000000000000 NaN NaN
0.0000000403157 36.0000000000000 NaN NaN
0.0000000404776 34.0000000000000 NaN NaN
0.0000000406395 32.0000000000000 NaN NaN
0.0000000408015 32.0000000000000 NaN NaN
0.0000000409634 31.0000000000000 NaN NaN
0.0000000411253 32.0000000000000 NaN NaN
0.0000000412872 29.0000000000000 NaN NaN
0.0000000414491 22.0000000000000 NaN NaN
0.0000000416110 34.0000000000000 NaN NaN
0.0000000417729 39.0000000000000 NaN NaN
0.0000000419348 22.0000000000000 NaN NaN
0.0000000420967 29.0000000000000 NaN NaN
0.0000000422587 31.0000000000000 NaN NaN
0.0000000424206 30.0000000000000 NaN NaN
0.0000000425825 25.0000000000000 NaN NaN
0.0000000427444 29.0000000000000 NaN NaN
0.0000000429063 30.0000000000000 NaN NaN
0.0000000430682 31.0000000000000 NaN NaN
0.0000000432301 27.0000000000000 NaN NaN
0.0000000433920 25.0000000000000 NaN NaN
0.0000000435539 35.0000000000000 NaN NaN
0.0000000437158 37.0000000000000 NaN NaN
0.0000000438778 27.0000000000000 NaN NaN
0.0000000440397 26.0000000000000 NaN NaN
0.0000000442016 25.0000000000000 NaN NaN
0.0000000443635 35.0000000000000 NaN NaN
0.0000000445254 32.0000000000000 NaN NaN
0.0000000446873 33.0000000000000 NaN NaN
0.0000000448492 32.0000000000000 NaN NaN
0.0000000450111 30.0000000000000 NaN NaN
0.0000000451730 37.0000000000000 NaN NaN
0.0000000453350 23.0000000000000 NaN NaN
0.0000000454969 31.0000000000000 NaN NaN
0.0000000456588 39.0000000000000 NaN NaN
0.0000000458207 29.0000000000000 NaN NaN
0.0000000459826 36.0000000000000 NaN NaN
0.0000000461445 27.0000000000000 NaN NaN
0.0000000463064 32.0000000000000 NaN NaN
0.0000000464683 29.0000000000000 NaN NaN
0.0000000466302 35.0000000000000 NaN NaN
0.0000000467921 36.0000000000000 NaN NaN
0.0000000469541 40.0000000000000 NaN NaN
0.0000000471160 37.0000000000000 NaN NaN
0.0000000472779 22.0000000000000 NaN NaN
0.0000000474398 29.0000000000000 NaN NaN
0.0000000476017 32.0000000000000 NaN NaN
0.0000000477636 33.0000000000000 NaN NaN
0.0000000479255 32.0000000000000 NaN NaN
0.0000000480874 27.0000000000000 NaN NaN
0.0000000482493 23.0000000000000 NaN NaN
0.0000000484113 25.0000000000000 NaN NaN
0.0000000485732 30.0000000000000 NaN NaN
0.0000000487351 25.0000000000000 NaN NaN
0.0000000488970 34.0000000000000 NaN NaN
0.0000000490589 32.0000000000000 NaN NaN
0.0000000492208 36.0000000000000 NaN NaN
0.0000000493827 22.0000000000000 NaN NaN
0.0000000495446 24.0000000000000 NaN NaN
0.0000000497065 24.0000000000000 NaN NaN
0.0000000498684 31.0000000000000 NaN NaN
0.0000000500304 37.0000000000000 NaN NaN
0.0000000501923 31.0000000000000 NaN NaN
0.0000000503542 36.0000000000000 NaN NaN
0.0000000505161 28.0000000000000 NaN NaN
0.0000000506780 28.0000000000000 NaN NaN
0.0000000508399 29.0000000000000 NaN NaN
0.0000000510018 25.0000000000000 NaN NaN
0.0000000511637 43.0000000000000 NaN NaN
0.0000000513256 27.0000000000000 NaN NaN
0.0000000514876 28.0000000000000 NaN NaN
0.0000000516495 21.0000000000000 NaN NaN
0.0000000518114 32.0000000000000 NaN NaN
0.0000000519733 29.0000000000000 NaN NaN
0.0000000521352 27.0000000000000 NaN NaN
0.0000000522971 40.0000000000000 NaN NaN
0.0000000524590 27.0000000000000 NaN NaN
0.0000000526209 41.0000000000000 NaN NaN
0.0000000527828 28.0000000000000 NaN NaN
0.0000000529447 30.0000000000000 NaN NaN
0.0000000531067 27.0000000000000 NaN NaN
0.0000000532686 31.0000000000000 NaN NaN
0.0000000534305 31.0000000000000 NaN NaN
0.0000000535924 31.0000000000000 NaN NaN
0.0000000537543 32.0000000000000 NaN NaN
0.0000000539162 29.0000000000000 NaN NaN
0.0000000540781 22.0000000000000 NaN NaN
0.0000000542400 20.0000000000000 NaN NaN
0.0000000544019 39.0000000000000 NaN NaN
0.0000000545639 35.0000000000000 NaN NaN
0.0000000547258 32.0000000000000 NaN NaN
0.0000000548877 28.0000000000000 NaN NaN
0.0000000550496 30.0000000000000 NaN NaN
0.0000000552115 34.0000000000000 NaN NaN
0.0000000553734 29.0000000000000 NaN NaN
0.0000000555353 31.0000000000000 NaN NaN
0.0000000556972 27.0000000000000 NaN NaN
0.0000000558591 22.0000000000000 NaN NaN
0.0000000560210 22.0000000000000 NaN NaN
0.0000000561830 29.0000000000000 NaN NaN
0.0000000563449 23.0000000000000 NaN NaN
0.0000000565068 37.0000000000000 NaN NaN
0.0000000566687 22.0000000000000 NaN NaN
0.0000000568306 27.0000000000000 NaN NaN
0.0000000569925 30.0000000000000 NaN NaN
0.0000000571544 21.0000000000000 NaN NaN
0.0000000573163 35.0000000000000 NaN NaN
0.0000000574782 38.0000000000000 NaN NaN
0.0000000576402 25.0000000000000 NaN NaN
0.0000000578021 27.0000000000000 NaN NaN
0.0000000579640 32.0000000000000 NaN NaN
0.0000000581259 25.0000000000000 NaN NaN
0.0000000582878 29.0000000000000 NaN NaN
0.0000000584497 25.0000000000000 NaN NaN
0.0000000586116 30.0000000000000 NaN NaN
0.0000000587735 28.0000000000000 NaN NaN
0.0000000589354 27.0000000000000 NaN NaN
0.0000000590973 33.0000000000000 NaN NaN
0.0000000592593 27.0000000000000 NaN NaN
0.0000000594212 23.0000000000000 NaN NaN
0.0000000595831 33.0000000000000 NaN NaN
0.0000000597450 32.0000000000000 NaN NaN
0.0000000599069 37.0000000000000 NaN NaN
0.0000000600688 35.0000000000000 NaN NaN
0.0000000602307 30.0000000000000 NaN NaN
0.0000000603926 24.0000000000000 NaN NaN
0.0000000605545 25.0000000000000 NaN NaN
0.0000000607165 24.0000000000000 NaN NaN
0.0000000608784 34.0000000000000 NaN NaN
0.0000000610403 34.0000000000000 NaN NaN
0.0000000612022 34.0000000000000 NaN NaN
0.0000000613641 30.0000000000000 NaN NaN
0.0000000615260 31.0000000000000 NaN NaN
0.0000000616879 33.0000000000000 NaN NaN
0.0000000618498 23.0000000000000 NaN NaN
0.0000000620117 29.0000000000000 NaN NaN
0.0000000621736 30.0000000000000 NaN NaN
0.0000000623356 26.0000000000000 NaN NaN
0.0000000624975 36.0000000000000 NaN NaN
0.0000000626594 33.0000000000000 NaN NaN
0.0000000628213 39.0000000000000 NaN NaN
0.0000000629832 36.0000000000000 NaN NaN
0.0000000631451 21.0000000000000 NaN NaN
0.0000000633070 22.0000000000000 NaN NaN
0.0000000634689 24.0000000000000 NaN NaN
0.0000000636308 25.0000000000000 NaN NaN
0.0000000637928 27.0000000000000 NaN NaN
0.0000000639547 28.0000000000000 NaN NaN
0.0000000641166 32.0000000000000 NaN NaN
0.0000000642785 22.0000000000000 NaN NaN
0.0000000644404 36.0000000000000 NaN NaN
0.0000000646023 30.0000000000000 NaN NaN
0.0000000647642 24.0000000000000 NaN NaN
0.0000000649261 37.0000000000000 NaN NaN
0.0000000650880 27.0000000000000 NaN NaN
0.0000000652499 40.0000000000000 NaN NaN
0.0000000654119 31.0000000000000 NaN NaN
0.0000000655738 21.0000000000000 NaN NaN
0.0000000657357 24.0000000000000 NaN NaN
0.0000000658976 34.0000000000000 NaN NaN
0.0000000660595 25.0000000000000 NaN NaN
0.0000000662214 29.0000000000000 NaN NaN
0.0000000663833 30.0000000000000 NaN NaN
0.0000000665452 35.0000000000000 NaN NaN
0.0000000667071 29.0000000000000 NaN NaN
0.0000000668691 37.0000000000000 NaN NaN
0.0000000670310 32.0000000000000 NaN NaN
0.0000000671929 30.0000000000000 NaN NaN
0.0000000673548 28.0000000000000 NaN NaN
0.0000000675167 28.0000000000000 NaN NaN
0.0000000676786 26.0000000000000 NaN NaN
0.0000000678405 26.0000000000000 NaN NaN
0.0000000680024 34.0000000000000 NaN NaN
0.0000000681643 28.0000000000000 NaN NaN
0.0000000683262 29.0000000000000 NaN NaN
0.0000000684882 23.0000000000000 NaN NaN
0.0000000686501 26.0000000000000 NaN NaN
0.0000000688120 34.0000000000000 NaN NaN
0.0000000689739 25.0000000000000 NaN NaN
0.0000000691358 34.0000000000000 NaN NaN
0.0000000692977 32.0000000000000 NaN NaN
0.0000000694596 27.0000000000000 NaN NaN
0.0000000696215 36.0000000000000 NaN NaN
0.0000000697834 38.0000000000000 NaN NaN
0.0000000699454 30.0000000000000 NaN NaN
0.0000000701073 42.0000000000000 NaN NaN
0.0000000702692 28.0000000000000 NaN NaN
0.0000000704311 40.0000000000000 NaN NaN
0.0000000705930 23.0000000000000 NaN NaN
0.0000000707549 16.0000000000000 NaN NaN
0.0000000709168 33.0000000000000 NaN NaN
0.0000000710787 26.0000000000000 NaN NaN
0.0000000712406 39.0000000000000 NaN NaN
0.0000000714026 28.0000000000000 NaN NaN
0.0000000715645 40.0000000000000 NaN NaN
0.0000000717264 32.0000000000000 NaN NaN
0.0000000718883 34.0000000000000 NaN NaN
0.0000000720502 28.0000000000000 NaN NaN
0.0000000722121 26.0000000000000 NaN NaN
0.0000000723740 29.0000000000000 NaN NaN
0.0000000725359 25.0000000000000 NaN NaN
0.0000000726978 32.0000000000000 NaN NaN
0.0000000728597 29.0000000000000 NaN NaN
0.0000000730217 20.0000000000000 NaN NaN
0.0000000731836 39.0000000000000 NaN NaN
0.0000000733455 27.0000000000000 NaN NaN
0.0000000735074 26.0000000000000 NaN NaN
0.0000000736693 36.0000000000000 NaN NaN
0.0000000738312 20.0000000000000 NaN NaN
0.0000000739931 27.0000000000000 NaN NaN
0.0000000741550 32.0000000000000 NaN NaN
0.0000000743169 29.0000000000000 NaN NaN
0.0000000744789 29.0000000000000 NaN NaN
0.0000000746408 27.0000000000000 NaN NaN
0.0000000748027 40.0000000000000 NaN NaN
0.0000000749646 22.0000000000000 NaN NaN
0.0000000751265 30.0000000000000 NaN NaN
0.0000000752884 21.0000000000000 NaN NaN
0.0000000754503 22.0000000000000 NaN NaN
0.0000000756122 25.0000000000000 NaN NaN
0.0000000757741 28.0000000000000 NaN NaN
0.0000000759360 26.0000000000000 NaN NaN
0.0000000760980 30.0000000000000 NaN NaN
0.0000000762599 23.0000000000000 NaN NaN
0.0000000764218 29.0000000000000 NaN NaN
0.0000000765837 26.0000000000000 NaN NaN
0.0000000767456 26.0000000000000 NaN NaN
0.0000000769075 32.0000000000000 NaN NaN
0.0000000770694 35.0000000000000 NaN NaN
0.0000000772313 18.0000000000000 NaN NaN
0.0000000773932 31.0000000000000 NaN NaN
0.0000000775552 20.0000000000000 NaN NaN
0.0000000777171 26.0000000000000 NaN NaN
0.0000000778790 28.0000000000000 NaN NaN
0.0000000780409 32.0000000000000 NaN NaN
0.0000000782028 37.0000000000000 NaN NaN
0.0000000783647 35.0000000000000 NaN NaN
0.0000000785266 26.0000000000000 NaN NaN
0.0000000786885 28.0000000000000 NaN NaN
0.0000000788504 24.0000000000000 NaN NaN
0.0000000790123 33.0000000000000 NaN NaN
0.0000000791743 29.0000000000000 NaN NaN
0.0000000793362 29.0000000000000 NaN NaN
0.0000000794981 28.0000000000000 NaN NaN
0.0000000796600 26.0000000000000 NaN NaN
0.0000000798219 35.0000000000000 NaN NaN
0.0000000799838 22.0000000000000 NaN NaN
0.0000000801457 36.0000000000000 NaN NaN
0.0000000803076 20.0000000000000 NaN NaN
0.0000000804695 32.0000000000000 NaN NaN
0.0000000806315 26.0000000000000 NaN NaN
0.0000000807934 29.0000000000000 NaN NaN
0.0000000809553 32.0000000000000 NaN NaN
0.0000000811172 26.0000000000000 NaN NaN
0.0000000812791 30.0000000000000 NaN NaN
0.0000000814410 30.0000000000000 NaN NaN
0.0000000816029 29.0000000000000 NaN NaN
0.0000000817648 31.0000000000000 NaN NaN
0.0000000819267 35.0000000000000 NaN NaN
0.0000000820886 25.0000000000000 NaN NaN
0.0000000822506 30.0000000000000 NaN NaN
0.0000000824125 29.0000000000000 NaN NaN
0.0000000825744 33.0000000000000 NaN NaN
0.0000000827363 37.0000000000000 NaN NaN
0.0000000828982 31.0000000000000 NaN NaN
0.0000000830601 29.0000000000000 NaN NaN
0.0000000832220 27.0000000000000 NaN NaN
0.0000000833839 34.0000000000000 NaN NaN
0.0000000835458 29.0000000000000 NaN NaN
0.0000000837078 31.0000000000000 NaN NaN
0.0000000838697 26.0000000000000 NaN NaN
0.0000000840316 25.0000000000000 NaN NaN
0.0000000841935 39.0000000000000 NaN NaN
0.0000000843554 23.0000000000000 NaN NaN
0.0000000845173 30.0000000000000 NaN NaN
0.0000000846792 33.0000000000000 NaN NaN
0.0000000848411 27.0000000000000 NaN NaN
0.0000000850030 28.0000000000000 NaN NaN
0.0000000851649 46.0000000000000 NaN NaN
0.0000000853269 33.0000000000000 NaN NaN
0.0000000854888 29.0000000000000 NaN NaN
0.0000000856507 29.0000000000000 NaN NaN
0.0000000858126 26.0000000000000 NaN NaN
0.0000000859745 31.0000000000000 NaN NaN
0.0000000861364 27.0000000000000 NaN NaN
0.0000000862983 20.0000000000000 NaN NaN
0.0000000864602 26.0000000000000 NaN NaN
0.0000000866221 32.0000000000000 NaN NaN
0.0000000867841 22.0000000000000 NaN NaN
0.0000000869460 32.0000000000000 NaN NaN
0.0000000871079 33.0000000000000 NaN NaN
0.0000000872698 22.0000000000000 NaN NaN
0.0000000874317 27.0000000000000 NaN NaN
0.0000000875936 29.0000000000000 NaN NaN
0.0000000877555 34.0000000000000 NaN NaN
0.0000000879174 21.0000000000000 NaN NaN
0.0000000880793 31.0000000000000 NaN NaN
0.0000000882412 33.0000000000000 NaN NaN
0.0000000884032 27.0000000000000 NaN NaN
0.0000000885651 41.0000000000000 NaN NaN
0.0000000887270 34.0000000000000 NaN NaN
0.0000000888889 24.0000000000000 NaN NaN
0.0000000890508 31.0000000000000 NaN NaN
0.0000000892127 32.0000000000000 NaN NaN
0.0000000893746 21.0000000000000 NaN NaN
0.0000000895365 34.0000000000000 NaN NaN
0.0000000896984 24.0000000000000 NaN NaN
0.0000000898604 23.0000000000000 NaN NaN
0.0000000900223 22.0000000000000 NaN NaN
0.0000000901842 32.0000000000000 NaN NaN
0.0000000903461 30.0000000000000 NaN NaN
0.0000000905080 40.0000000000000 NaN NaN
0.0000000906699 27.0000000000000 NaN NaN
0.0000000908318 32.0000000000000 NaN NaN
0.0000000909937 22.0000000000000 NaN NaN
0.0000000911556 30.0000000000000 NaN NaN
0.0000000913175 28.0000000000000 NaN NaN
0.0000000914795 28.0000000000000 NaN NaN
0.0000000916414 34.0000000000000 NaN NaN
0.0000000918033 35.0000000000000 NaN NaN
0.0000000919652 32.0000000000000 NaN NaN
0.0000000921271 33.0000000000000 NaN NaN
0.0000000922890 28.0000000000000 NaN NaN
0.0000000924509 26.0000000000000 NaN NaN
0.0000000926128 30.0000000000000 NaN NaN
0.0000000927747 32.0000000000000 NaN NaN
0.0000000929367 24.0000000000000 NaN NaN
0.0000000930986 33.0000000000000 NaN NaN
0.0000000932605 26.0000000000000 NaN NaN
0.0000000934224 32.0000000000000 NaN NaN
0.0000000935843 43.0000000000000 NaN NaN
0.0000000937462 31.0000000000000 NaN NaN
0.0000000939081 34.0000000000000 NaN NaN
0.0000000940700 35.0000000000000 NaN NaN
0.0000000942319 22.0000000000000 NaN NaN
0.0000000943938 26.0000000000000 NaN NaN
0.0000000945558 27.0000000000000 NaN NaN
0.0000000947177 32.0000000000000 NaN NaN
0.0000000948796 28.0000000000000 NaN NaN
0.0000000950415 37.0000000000000 NaN NaN
0.0000000952034 29.0000000000000 NaN NaN
0.0000000953653 25.0000000000000 NaN NaN
0.0000000955272 31.0000000000000 NaN NaN
0.0000000956891 15.0000000000000 NaN NaN
0.0000000958510 23.0000000000000 NaN NaN
0.0000000960130 32.0000000000000 NaN NaN
0.0000000961749 34.0000000000000 NaN NaN
0.0000000963368 32.0000000000000 NaN NaN
0.0000000964987 30.0000000000000 NaN NaN
0.0000000966606 24.0000000000000 NaN NaN
0.0000000968225 14.0000000000000 NaN NaN
0.0000000969844 31.0000000000000 NaN NaN
0.0000000971463 30.0000000000000 NaN NaN
0.0000000973082 19.0000000000000 NaN NaN
0.0000000974701 26.0000000000000 NaN NaN
0.0000000976321 32.0000000000000 NaN NaN
0.0000000977940 20.0000000000000 NaN NaN
0.0000000979559 32.0000000000000 NaN NaN
0.0000000981178 23.0000000000000 NaN NaN
0.0000000982797 26.0000000000000 NaN NaN
0.0000000984416 27.0000000000000 NaN NaN
0.0000000986035 29.0000000000000 NaN NaN
0.0000000987654 21.0000000000000 NaN NaN
0.0000000989273 25.0000000000000 NaN NaN
0.0000000990893 33.0000000000000 NaN NaN
0.0000000992512 33.0000000000000 NaN NaN
0.0000000994131 26.0000000000000 NaN NaN
0.0000000995750 32.0000000000000 NaN NaN
0.0000000997369 29.0000000000000 NaN NaN
0.0000000998988 21.0000000000000 NaN NaN
