tau (s) g^2(tau) - HBT Measurement
tau (s) - none Fit g^2(tau) - none Fit
-0.0000000503542 1.0298800000000 -0.0000000503542 1.0000000000000
-0.0000000501923 0.8637730000000 -0.0000000501923 1.0000000000000
-0.0000000500304 1.2292200000000 -0.0000000500304 1.0000000000000
-0.0000000498684 1.1627700000000 -0.0000000498684 1.0000000000000
-0.0000000497065 1.0963300000000 -0.0000000497065 1.0000000000000
-0.0000000495446 0.7641070000000 -0.0000000495446 1.0000000000000
-0.0000000493827 0.9302170000000 -0.0000000493827 1.0000000000000
-0.0000000492208 0.7641070000000 -0.0000000492208 1.0000000000000
-0.0000000490589 0.8637730000000 -0.0000000490589 1.0000000000000
-0.0000000488970 0.7641070000000 -0.0000000488970 1.0000000000000
-0.0000000487351 0.8305510000000 -0.0000000487351 1.0000000000000
-0.0000000485732 0.9302170000000 -0.0000000485732 1.0000000000000
-0.0000000484113 1.1959900000000 -0.0000000484113 1.0000000000000
-0.0000000482493 0.9634390000000 -0.0000000482493 1.0000000000000
-0.0000000480874 0.9966610000000 -0.0000000480874 1.0000000000000
-0.0000000479255 0.8969950000000 -0.0000000479255 1.0000000000000
-0.0000000477636 1.1295500000000 -0.0000000477636 1.0000000000000
-0.0000000476017 1.0963300000000 -0.0000000476017 1.0000000000000
-0.0000000474398 0.6976630000000 -0.0000000474398 1.0000000000000
-0.0000000472779 1.0298800000000 -0.0000000472779 1.0000000000000
-0.0000000471160 0.9302170000000 -0.0000000471160 1.0000000000000
-0.0000000469541 1.0631100000000 -0.0000000469541 1.0000000000000
-0.0000000467921 1.1627700000000 -0.0000000467921 1.0000000000000
-0.0000000466302 1.3953300000000 -0.0000000466302 1.0000000000000
-0.0000000464683 1.0963300000000 -0.0000000464683 1.0000000000000
-0.0000000463064 0.7641070000000 -0.0000000463064 1.0000000000000
-0.0000000461445 0.8305510000000 -0.0000000461445 1.0000000000000
-0.0000000459826 1.0298800000000 -0.0000000459826 1.0000000000000
-0.0000000458207 1.0963300000000 -0.0000000458207 1.0000000000000
-0.0000000456588 0.9302170000000 -0.0000000456588 1.0000000000000
-0.0000000454969 0.5647750000000 -0.0000000454969 1.0000000000000
-0.0000000453350 1.2624400000000 -0.0000000453350 1.0000000000000
-0.0000000451730 0.7973290000000 -0.0000000451730 1.0000000000000
-0.0000000450111 0.6312190000000 -0.0000000450111 1.0000000000000
-0.0000000448492 0.9966610000000 -0.0000000448492 1.0000000000000
-0.0000000446873 0.8305510000000 -0.0000000446873 1.0000000000000
-0.0000000445254 0.9966610000000 -0.0000000445254 1.0000000000000
-0.0000000443635 0.8637730000000 -0.0000000443635 1.0000000000000
-0.0000000442016 0.6644410000000 -0.0000000442016 1.0000000000000
-0.0000000440397 0.8969950000000 -0.0000000440397 1.0000000000000
-0.0000000438778 0.9966610000000 -0.0000000438778 1.0000000000000
-0.0000000437158 0.9634390000000 -0.0000000437158 1.0000000000000
-0.0000000435539 0.7641070000000 -0.0000000435539 1.0000000000000
-0.0000000433920 0.9966610000000 -0.0000000433920 1.0000000000000
-0.0000000432301 1.1627700000000 -0.0000000432301 1.0000000000000
-0.0000000430682 0.9966610000000 -0.0000000430682 1.0000000000000
-0.0000000429063 0.7973290000000 -0.0000000429063 1.0000000000000
-0.0000000427444 1.1959900000000 -0.0000000427444 1.0000000000000
-0.0000000425825 0.9634390000000 -0.0000000425825 1.0000000000000
-0.0000000424206 0.9966610000000 -0.0000000424206 1.0000000000000
-0.0000000422587 0.8637730000000 -0.0000000422587 1.0000000000000
-0.0000000420967 1.0963300000000 -0.0000000420967 1.0000000000000
-0.0000000419348 0.8969950000000 -0.0000000419348 1.0000000000000
-0.0000000417729 1.2956600000000 -0.0000000417729 1.0000000000000
-0.0000000416110 0.6976630000000 -0.0000000416110 1.0000000000000
-0.0000000414491 1.0298800000000 -0.0000000414491 1.0000000000000
-0.0000000412872 0.7641070000000 -0.0000000412872 1.0000000000000
-0.0000000411253 1.2956600000000 -0.0000000411253 1.0000000000000
-0.0000000409634 1.1627700000000 -0.0000000409634 1.0000000000000
-0.0000000408015 0.8637730000000 -0.0000000408015 1.0000000000000
-0.0000000406395 0.6976630000000 -0.0000000406395 1.0000000000000
-0.0000000404776 0.8969950000000 -0.0000000404776 1.0000000000000
-0.0000000403157 1.1627700000000 -0.0000000403157 1.0000000000000
-0.0000000401538 1.0963300000000 -0.0000000401538 1.0000000000000
-0.0000000399919 0.9634390000000 -0.0000000399919 1.0000000000000
-0.0000000398300 1.2292200000000 -0.0000000398300 1.0000000000000
-0.0000000396681 1.0963300000000 -0.0000000396681 1.0000000000000
-0.0000000395062 0.9634390000000 -0.0000000395062 1.0000000000000
-0.0000000393443 0.9634390000000 -0.0000000393443 1.0000000000000
-0.0000000391824 0.5979970000000 -0.0000000391824 1.0000000000000
-0.0000000390204 1.1959900000000 -0.0000000390204 1.0000000000000
-0.0000000388585 0.7641070000000 -0.0000000388585 1.0000000000000
-0.0000000386966 0.8305510000000 -0.0000000386966 1.0000000000000
-0.0000000385347 0.8637730000000 -0.0000000385347 1.0000000000000
-0.0000000383728 0.8969950000000 -0.0000000383728 1.0000000000000
-0.0000000382109 0.9634390000000 -0.0000000382109 1.0000000000000
-0.0000000380490 0.9634390000000 -0.0000000380490 1.0000000000000
-0.0000000378871 1.1959900000000 -0.0000000378871 1.0000000000000
-0.0000000377252 0.9634390000000 -0.0000000377252 1.0000000000000
-0.0000000375632 0.8305510000000 -0.0000000375632 1.0000000000000
-0.0000000374013 0.8969950000000 -0.0000000374013 1.0000000000000
-0.0000000372394 1.0963300000000 -0.0000000372394 1.0000000000000
-0.0000000370775 1.1959900000000 -0.0000000370775 1.0000000000000
-0.0000000369156 1.2624400000000 -0.0000000369156 1.0000000000000
-0.0000000367537 1.3621000000000 -0.0000000367537 1.0000000000000
-0.0000000365918 1.0298800000000 -0.0000000365918 1.0000000000000
-0.0000000364299 0.9302170000000 -0.0000000364299 1.0000000000000
-0.0000000362680 0.8969950000000 -0.0000000362680 1.0000000000000
-0.0000000361061 1.1959900000000 -0.0000000361061 1.0000000000000
-0.0000000359441 0.9966610000000 -0.0000000359441 1.0000000000000
-0.0000000357822 1.1627700000000 -0.0000000357822 1.0000000000000
-0.0000000356203 0.9302170000000 -0.0000000356203 1.0000000000000
-0.0000000354584 0.9634390000000 -0.0000000354584 1.0000000000000
-0.0000000352965 0.8305510000000 -0.0000000352965 1.0000000000000
-0.0000000351346 0.6644410000000 -0.0000000351346 1.0000000000000
-0.0000000349727 0.8969950000000 -0.0000000349727 1.0000000000000
-0.0000000348108 0.9966610000000 -0.0000000348108 1.0000000000000
-0.0000000346489 0.9634390000000 -0.0000000346489 1.0000000000000
-0.0000000344869 1.0963300000000 -0.0000000344869 1.0000000000000
-0.0000000343250 1.1295500000000 -0.0000000343250 1.0000000000000
-0.0000000341631 1.0963300000000 -0.0000000341631 1.0000000000000
-0.0000000340012 1.2292200000000 -0.0000000340012 1.0000000000000
-0.0000000338393 1.0298800000000 -0.0000000338393 1.0000000000000
-0.0000000336774 1.1295500000000 -0.0000000336774 1.0000000000000
-0.0000000335155 0.7973290000000 -0.0000000335155 1.0000000000000
-0.0000000333536 0.9966610000000 -0.0000000333536 1.0000000000000
-0.0000000331917 1.4617700000000 -0.0000000331917 1.0000000000000
-0.0000000330298 0.8969950000000 -0.0000000330298 1.0000000000000
-0.0000000328678 0.9966610000000 -0.0000000328678 1.0000000000000
-0.0000000327059 0.9302170000000 -0.0000000327059 1.0000000000000
-0.0000000325440 0.7973290000000 -0.0000000325440 1.0000000000000
-0.0000000323821 0.8969950000000 -0.0000000323821 1.0000000000000
-0.0000000322202 0.9966610000000 -0.0000000322202 1.0000000000000
-0.0000000320583 1.0963300000000 -0.0000000320583 1.0000000000000
-0.0000000318964 1.1959900000000 -0.0000000318964 1.0000000000000
-0.0000000317345 0.8637730000000 -0.0000000317345 1.0000000000000
-0.0000000315726 1.1627700000000 -0.0000000315726 1.0000000000000
-0.0000000314106 1.3621000000000 -0.0000000314106 1.0000000000000
-0.0000000312487 0.9966610000000 -0.0000000312487 1.0000000000000
-0.0000000310868 1.2292200000000 -0.0000000310868 1.0000000000000
-0.0000000309249 1.1627700000000 -0.0000000309249 1.0000000000000
-0.0000000307630 0.8305510000000 -0.0000000307630 1.0000000000000
-0.0000000306011 1.0631100000000 -0.0000000306011 1.0000000000000
-0.0000000304392 0.7641070000000 -0.0000000304392 1.0000000000000
-0.0000000302773 0.6644410000000 -0.0000000302773 1.0000000000000
-0.0000000301154 1.2624400000000 -0.0000000301154 1.0000000000000
-0.0000000299535 1.1627700000000 -0.0000000299535 1.0000000000000
-0.0000000297915 0.9634390000000 -0.0000000297915 1.0000000000000
-0.0000000296296 1.0298800000000 -0.0000000296296 1.0000000000000
-0.0000000294677 1.0963300000000 -0.0000000294677 1.0000000000000
-0.0000000293058 1.3953300000000 -0.0000000293058 1.0000000000000
-0.0000000291439 1.4285500000000 -0.0000000291439 1.0000000000000
-0.0000000289820 1.2956600000000 -0.0000000289820 1.0000000000000
-0.0000000288201 0.9302170000000 -0.0000000288201 1.0000000000000
-0.0000000286582 0.7641070000000 -0.0000000286582 1.0000000000000
-0.0000000284963 1.0631100000000 -0.0000000284963 1.0000000000000
-0.0000000283343 1.3288800000000 -0.0000000283343 1.0000000000000
-0.0000000281724 1.1959900000000 -0.0000000281724 1.0000000000000
-0.0000000280105 0.9966610000000 -0.0000000280105 1.0000000000000
-0.0000000278486 0.9302170000000 -0.0000000278486 1.0000000000000
-0.0000000276867 0.9302170000000 -0.0000000276867 1.0000000000000
-0.0000000275248 0.6976630000000 -0.0000000275248 1.0000000000000
-0.0000000273629 0.7308850000000 -0.0000000273629 1.0000000000000
-0.0000000272010 1.4285500000000 -0.0000000272010 1.0000000000000
-0.0000000270391 0.9634390000000 -0.0000000270391 1.0000000000000
-0.0000000268772 1.0963300000000 -0.0000000268772 1.0000000000000
-0.0000000267152 1.1959900000000 -0.0000000267152 1.0000000000000
-0.0000000265533 1.0963300000000 -0.0000000265533 1.0000000000000
-0.0000000263914 0.8969950000000 -0.0000000263914 1.0000000000000
-0.0000000262295 0.7973290000000 -0.0000000262295 1.0000000000000
-0.0000000260676 1.1959900000000 -0.0000000260676 1.0000000000000
-0.0000000259057 1.0298800000000 -0.0000000259057 1.0000000000000
-0.0000000257438 1.1959900000000 -0.0000000257438 1.0000000000000
-0.0000000255819 1.0631100000000 -0.0000000255819 1.0000000000000
-0.0000000254200 1.3621000000000 -0.0000000254200 1.0000000000000
-0.0000000252580 1.0631100000000 -0.0000000252580 1.0000000000000
-0.0000000250961 1.1295500000000 -0.0000000250961 1.0000000000000
-0.0000000249342 1.3621000000000 -0.0000000249342 1.0000000000000
-0.0000000247723 1.0298800000000 -0.0000000247723 1.0000000000000
-0.0000000246104 1.3621000000000 -0.0000000246104 1.0000000000000
-0.0000000244485 0.8969950000000 -0.0000000244485 1.0000000000000
-0.0000000242866 0.9302170000000 -0.0000000242866 1.0000000000000
-0.0000000241247 1.0631100000000 -0.0000000241247 1.0000000000000
-0.0000000239628 1.1627700000000 -0.0000000239628 1.0000000000000
-0.0000000238009 0.7308850000000 -0.0000000238009 1.0000000000000
-0.0000000236389 1.0963300000000 -0.0000000236389 1.0000000000000
-0.0000000234770 0.9302170000000 -0.0000000234770 1.0000000000000
-0.0000000233151 1.2624400000000 -0.0000000233151 1.0000000000000
-0.0000000231532 1.0631100000000 -0.0000000231532 1.0000000000000
-0.0000000229913 0.8305510000000 -0.0000000229913 1.0000000000000
-0.0000000228294 1.0298800000000 -0.0000000228294 1.0000000000000
-0.0000000226675 0.8637730000000 -0.0000000226675 1.0000000000000
-0.0000000225056 0.8305510000000 -0.0000000225056 1.0000000000000
-0.0000000223437 1.0631100000000 -0.0000000223437 1.0000000000000
-0.0000000221817 1.0298800000000 -0.0000000221817 1.0000000000000
-0.0000000220198 1.0963300000000 -0.0000000220198 1.0000000000000
-0.0000000218579 0.6312190000000 -0.0000000218579 1.0000000000000
-0.0000000216960 1.1959900000000 -0.0000000216960 1.0000000000000
-0.0000000215341 0.7973290000000 -0.0000000215341 1.0000000000000
-0.0000000213722 0.9634390000000 -0.0000000213722 1.0000000000000
-0.0000000212103 1.0298800000000 -0.0000000212103 1.0000000000000
-0.0000000210484 1.1295500000000 -0.0000000210484 1.0000000000000
-0.0000000208865 1.0631100000000 -0.0000000208865 1.0000000000000
-0.0000000207245 0.8637730000000 -0.0000000207245 1.0000000000000
-0.0000000205626 0.9634390000000 -0.0000000205626 1.0000000000000
-0.0000000204007 0.7973290000000 -0.0000000204007 1.0000000000000
-0.0000000202388 1.0963300000000 -0.0000000202388 1.0000000000000
-0.0000000200769 0.9966610000000 -0.0000000200769 1.0000000000000
-0.0000000199150 0.8305510000000 -0.0000000199150 1.0000000000000
-0.0000000197531 0.8969950000000 -0.0000000197531 1.0000000000000
-0.0000000195912 0.9302170000000 -0.0000000195912 1.0000000000000
-0.0000000194293 1.1295500000000 -0.0000000194293 1.0000000000000
-0.0000000192674 0.9302170000000 -0.0000000192674 1.0000000000000
-0.0000000191054 1.0631100000000 -0.0000000191054 1.0000000000000
-0.0000000189435 1.0963300000000 -0.0000000189435 1.0000000000000
-0.0000000187816 1.1627700000000 -0.0000000187816 1.0000000000000
-0.0000000186197 1.0631100000000 -0.0000000186197 1.0000000000000
-0.0000000184578 0.7641070000000 -0.0000000184578 1.0000000000000
-0.0000000182959 1.0631100000000 -0.0000000182959 1.0000000000000
-0.0000000181340 0.9302170000000 -0.0000000181340 1.0000000000000
-0.0000000179721 1.2624400000000 -0.0000000179721 1.0000000000000
-0.0000000178102 0.9302170000000 -0.0000000178102 1.0000000000000
-0.0000000176482 0.7308850000000 -0.0000000176482 1.0000000000000
-0.0000000174863 1.0963300000000 -0.0000000174863 1.0000000000000
-0.0000000173244 1.0631100000000 -0.0000000173244 1.0000000000000
-0.0000000171625 0.7973290000000 -0.0000000171625 1.0000000000000
-0.0000000170006 1.4285500000000 -0.0000000170006 1.0000000000000
-0.0000000168387 0.9634390000000 -0.0000000168387 1.0000000000000
-0.0000000166768 1.1959900000000 -0.0000000166768 1.0000000000000
-0.0000000165149 1.1295500000000 -0.0000000165149 1.0000000000000
-0.0000000163530 1.0298800000000 -0.0000000163530 1.0000000000000
-0.0000000161911 1.0631100000000 -0.0000000161911 1.0000000000000
-0.0000000160291 1.0298800000000 -0.0000000160291 1.0000000000000
-0.0000000158672 1.1627700000000 -0.0000000158672 1.0000000000000
-0.0000000157053 0.7973290000000 -0.0000000157053 1.0000000000000
-0.0000000155434 1.0631100000000 -0.0000000155434 1.0000000000000
-0.0000000153815 1.2292200000000 -0.0000000153815 1.0000000000000
-0.0000000152196 0.8637730000000 -0.0000000152196 1.0000000000000
-0.0000000150577 1.1959900000000 -0.0000000150577 1.0000000000000
-0.0000000148958 1.1295500000000 -0.0000000148958 1.0000000000000
-0.0000000147339 0.9302170000000 -0.0000000147339 1.0000000000000
-0.0000000145719 1.0298800000000 -0.0000000145719 1.0000000000000
-0.0000000144100 0.8305510000000 -0.0000000144100 1.0000000000000
-0.0000000142481 1.1627700000000 -0.0000000142481 1.0000000000000
-0.0000000140862 0.8305510000000 -0.0000000140862 1.0000000000000
-0.0000000139243 1.0298800000000 -0.0000000139243 1.0000000000000
-0.0000000137624 1.3621000000000 -0.0000000137624 1.0000000000000
-0.0000000136005 0.9302170000000 -0.0000000136005 1.0000000000000
-0.0000000134386 0.9302170000000 -0.0000000134386 1.0000000000000
-0.0000000132767 1.0298800000000 -0.0000000132767 1.0000000000000
-0.0000000131148 0.9966610000000 -0.0000000131148 1.0000000000000
-0.0000000129528 0.9302170000000 -0.0000000129528 1.0000000000000
-0.0000000127909 1.0963300000000 -0.0000000127909 1.0000000000000
-0.0000000126290 1.2292200000000 -0.0000000126290 1.0000000000000
-0.0000000124671 0.9302170000000 -0.0000000124671 1.0000000000000
-0.0000000123052 0.6312190000000 -0.0000000123052 1.0000000000000
-0.0000000121433 1.6278800000000 -0.0000000121433 1.0000000000000
-0.0000000119814 0.9966610000000 -0.0000000119814 1.0000000000000
-0.0000000118195 0.8305510000000 -0.0000000118195 1.0000000000000
-0.0000000116576 1.1627700000000 -0.0000000116576 1.0000000000000
-0.0000000114956 0.8305510000000 -0.0000000114956 1.0000000000000
-0.0000000113337 1.0298800000000 -0.0000000113337 1.0000000000000
-0.0000000111718 1.1295500000000 -0.0000000111718 1.0000000000000
-0.0000000110099 0.9302170000000 -0.0000000110099 1.0000000000000
-0.0000000108480 0.8969950000000 -0.0000000108480 1.0000000000000
-0.0000000106861 1.0963300000000 -0.0000000106861 1.0000000000000
-0.0000000105242 0.7308850000000 -0.0000000105242 1.0000000000000
-0.0000000103623 0.9302170000000 -0.0000000103623 1.0000000000000
-0.0000000102004 0.7973290000000 -0.0000000102004 1.0000000000000
-0.0000000100385 1.3621000000000 -0.0000000100385 1.0000000000000
-0.0000000098765 1.2292200000000 -0.0000000098765 1.0000000000000
-0.0000000097146 1.0298800000000 -0.0000000097146 1.0000000000000
-0.0000000095527 1.1627700000000 -0.0000000095527 1.0000000000000
-0.0000000093908 0.6976630000000 -0.0000000093908 1.0000000000000
-0.0000000092289 1.1295500000000 -0.0000000092289 1.0000000000000
-0.0000000090670 1.2956600000000 -0.0000000090670 1.0000000000000
-0.0000000089051 1.0631100000000 -0.0000000089051 1.0000000000000
-0.0000000087432 1.2292200000000 -0.0000000087432 1.0000000000000
-0.0000000085813 0.8305510000000 -0.0000000085813 1.0000000000000
-0.0000000084193 1.2956600000000 -0.0000000084193 1.0000000000000
-0.0000000082574 0.9634390000000 -0.0000000082574 1.0000000000000
-0.0000000080955 0.8969950000000 -0.0000000080955 1.0000000000000
-0.0000000079336 0.9302170000000 -0.0000000079336 1.0000000000000
-0.0000000077717 0.7973290000000 -0.0000000077717 1.0000000000000
-0.0000000076098 1.4617700000000 -0.0000000076098 1.0000000000000
-0.0000000074479 0.7308850000000 -0.0000000074479 1.0000000000000
-0.0000000072860 0.6976630000000 -0.0000000072860 1.0000000000000
-0.0000000071241 0.9302170000000 -0.0000000071241 1.0000000000000
-0.0000000069622 1.0298800000000 -0.0000000069622 1.0000000000000
-0.0000000068002 0.7641070000000 -0.0000000068002 1.0000000000000
-0.0000000066383 0.5647750000000 -0.0000000066383 1.0000000000000
-0.0000000064764 0.8637730000000 -0.0000000064764 1.0000000000000
-0.0000000063145 1.1627700000000 -0.0000000063145 1.0000000000000
-0.0000000061526 1.0631100000000 -0.0000000061526 1.0000000000000
-0.0000000059907 0.8305510000000 -0.0000000059907 1.0000000000000
-0.0000000058288 0.7973290000000 -0.0000000058288 1.0000000000000
-0.0000000056669 0.9966610000000 -0.0000000056669 1.0000000000000
-0.0000000055050 0.9966610000000 -0.0000000055050 1.0000000000000
-0.0000000053430 0.6644410000000 -0.0000000053430 1.0000000000000
-0.0000000051811 1.2624400000000 -0.0000000051811 1.0000000000000
-0.0000000050192 0.8305510000000 -0.0000000050192 1.0000000000000
-0.0000000048573 0.6976630000000 -0.0000000048573 1.0000000000000
-0.0000000046954 1.0963300000000 -0.0000000046954 1.0000000000000
-0.0000000045335 1.2292200000000 -0.0000000045335 1.0000000000000
-0.0000000043716 0.8305510000000 -0.0000000043716 1.0000000000000
-0.0000000042097 0.8637730000000 -0.0000000042097 1.0000000000000
-0.0000000040478 1.0631100000000 -0.0000000040478 1.0000000000000
-0.0000000038859 1.0298800000000 -0.0000000038859 1.0000000000000
-0.0000000037239 0.9634390000000 -0.0000000037239 1.0000000000000
-0.0000000035620 1.0631100000000 -0.0000000035620 1.0000000000000
-0.0000000034001 1.0298800000000 -0.0000000034001 1.0000000000000
-0.0000000032382 1.0298800000000 -0.0000000032382 1.0000000000000
-0.0000000030763 1.2624400000000 -0.0000000030763 1.0000000000000
-0.0000000029144 1.2292200000000 -0.0000000029144 1.0000000000000
-0.0000000027525 1.0631100000000 -0.0000000027525 1.0000000000000
-0.0000000025906 0.8969950000000 -0.0000000025906 1.0000000000000
-0.0000000024287 1.1295500000000 -0.0000000024287 1.0000000000000
-0.0000000022667 1.1959900000000 -0.0000000022667 1.0000000000000
-0.0000000021048 1.2624400000000 -0.0000000021048 1.0000000000000
-0.0000000019429 0.9634390000000 -0.0000000019429 1.0000000000000
-0.0000000017810 0.8637730000000 -0.0000000017810 1.0000000000000
-0.0000000016191 0.9634390000000 -0.0000000016191 1.0000000000000
-0.0000000014572 1.1295500000000 -0.0000000014572 1.0000000000000
-0.0000000012953 0.7973290000000 -0.0000000012953 1.0000000000000
-0.0000000011334 0.8969950000000 -0.0000000011334 1.0000000000000
-0.0000000009715 1.0298800000000 -0.0000000009715 1.0000000000000
-0.0000000008096 0.9966610000000 -0.0000000008096 1.0000000000000
-0.0000000006476 0.8637730000000 -0.0000000006476 1.0000000000000
-0.0000000004857 1.3953300000000 -0.0000000004857 1.0000000000000
-0.0000000003238 0.9966610000000 -0.0000000003238 1.0000000000000
-0.0000000001619 1.0631100000000 -0.0000000001619 1.0000000000000
0.0000000000000 0.8305510000000 0.0000000000000 1.0000000000000
0.0000000001619 1.1295500000000 0.0000000001619 1.0000000000000
0.0000000003238 1.4285500000000 0.0000000003238 1.0000000000000
0.0000000004857 0.9966610000000 0.0000000004857 1.0000000000000
0.0000000006476 0.9966610000000 0.0000000006476 1.0000000000000
0.0000000008096 1.2292200000000 0.0000000008096 1.0000000000000
0.0000000009715 1.2956600000000 0.0000000009715 1.0000000000000
0.0000000011334 1.2956600000000 0.0000000011334 1.0000000000000
0.0000000012953 0.9634390000000 0.0000000012953 1.0000000000000
0.0000000014572 1.0963300000000 0.0000000014572 1.0000000000000
0.0000000016191 0.7973290000000 0.0000000016191 1.0000000000000
0.0000000017810 1.0631100000000 0.0000000017810 1.0000000000000
0.0000000019429 0.8969950000000 0.0000000019429 1.0000000000000
0.0000000021048 0.8305510000000 0.0000000021048 1.0000000000000
0.0000000022667 1.2956600000000 0.0000000022667 1.0000000000000
0.0000000024287 1.1627700000000 0.0000000024287 1.0000000000000
0.0000000025906 1.3288800000000 0.0000000025906 1.0000000000000
0.0000000027525 1.4617700000000 0.0000000027525 1.0000000000000
0.0000000029144 1.5282100000000 0.0000000029144 1.0000000000000
0.0000000030763 1.3288800000000 0.0000000030763 1.0000000000000
0.0000000032382 1.4949900000000 0.0000000032382 1.0000000000000
0.0000000034001 1.5614400000000 0.0000000034001 1.0000000000000
0.0000000035620 1.4285500000000 0.0000000035620 1.0000000000000
0.0000000037239 1.9933200000000 0.0000000037239 1.0000000000000
0.0000000038859 1.7939900000000 0.0000000038859 1.0000000000000
0.0000000040478 2.4584300000000 0.0000000040478 1.0000000000000
0.0000000042097 2.5581000000000 0.0000000042097 1.0000000000000
0.0000000043716 2.2923200000000 0.0000000043716 1.0000000000000
0.0000000045335 2.6577600000000 0.0000000045335 1.0000000000000
0.0000000046954 2.8571000000000 0.0000000046954 1.0000000000000
0.0000000048573 2.1594300000000 0.0000000048573 1.0000000000000
0.0000000050192 1.4617700000000 0.0000000050192 1.0000000000000
0.0000000051811 1.7607700000000 0.0000000051811 1.0000000000000
0.0000000053430 1.6278800000000 0.0000000053430 1.0000000000000
0.0000000055050 1.9933200000000 0.0000000055050 1.0000000000000
0.0000000056669 1.9601000000000 0.0000000056669 1.0000000000000
0.0000000058288 2.1594300000000 0.0000000058288 1.0000000000000
0.0000000059907 2.2591000000000 0.0000000059907 1.0000000000000
0.0000000061526 2.6577600000000 0.0000000061526 1.0000000000000
0.0000000063145 2.7574300000000 0.0000000063145 1.0000000000000
0.0000000064764 2.9567600000000 0.0000000064764 1.0000000000000
0.0000000066383 3.0896500000000 0.0000000066383 1.0000000000000
0.0000000068002 3.9866500000000 0.0000000068002 1.0000000000000
0.0000000069622 3.3554300000000 0.0000000069622 1.0000000000000
0.0000000071241 3.0564300000000 0.0000000071241 1.0000000000000
0.0000000072860 2.3587700000000 0.0000000072860 1.0000000000000
0.0000000074479 2.0597700000000 0.0000000074479 1.0000000000000
0.0000000076098 2.1926500000000 0.0000000076098 1.0000000000000
0.0000000077717 2.0597700000000 0.0000000077717 1.0000000000000
0.0000000079336 1.6278800000000 0.0000000079336 1.0000000000000
0.0000000080955 1.8272100000000 0.0000000080955 1.0000000000000
0.0000000082574 1.7275500000000 0.0000000082574 1.0000000000000
0.0000000084193 1.9933200000000 0.0000000084193 1.0000000000000
0.0000000085813 1.6943200000000 0.0000000085813 1.0000000000000
0.0000000087432 2.1262100000000 0.0000000087432 1.0000000000000
0.0000000089051 2.8903200000000 0.0000000089051 1.0000000000000
0.0000000090670 2.0597700000000 0.0000000090670 1.0000000000000
0.0000000092289 2.0929900000000 0.0000000092289 1.0000000000000
0.0000000093908 2.3919900000000 0.0000000093908 1.0000000000000
0.0000000095527 1.5946600000000 0.0000000095527 1.0000000000000
0.0000000097146 1.4617700000000 0.0000000097146 1.0000000000000
0.0000000098765 1.5614400000000 0.0000000098765 1.0000000000000
0.0000000100385 1.4617700000000 0.0000000100385 1.0000000000000
0.0000000102004 1.5946600000000 0.0000000102004 1.0000000000000
0.0000000103623 1.0298800000000 0.0000000103623 1.0000000000000
0.0000000105242 1.1959900000000 0.0000000105242 1.0000000000000
0.0000000106861 1.0963300000000 0.0000000106861 1.0000000000000
0.0000000108480 1.3288800000000 0.0000000108480 1.0000000000000
0.0000000110099 1.2956600000000 0.0000000110099 1.0000000000000
0.0000000111718 1.7607700000000 0.0000000111718 1.0000000000000
0.0000000113337 1.0963300000000 0.0000000113337 1.0000000000000
0.0000000114956 1.1295500000000 0.0000000114956 1.0000000000000
0.0000000116576 0.9966610000000 0.0000000116576 1.0000000000000
0.0000000118195 0.9634390000000 0.0000000118195 1.0000000000000
0.0000000119814 0.7308850000000 0.0000000119814 1.0000000000000
0.0000000121433 1.0298800000000 0.0000000121433 1.0000000000000
0.0000000123052 0.8305510000000 0.0000000123052 1.0000000000000
0.0000000124671 1.3621000000000 0.0000000124671 1.0000000000000
0.0000000126290 0.8305510000000 0.0000000126290 1.0000000000000
0.0000000127909 0.8969950000000 0.0000000127909 1.0000000000000
0.0000000129528 0.9302170000000 0.0000000129528 1.0000000000000
0.0000000131148 1.1959900000000 0.0000000131148 1.0000000000000
0.0000000132767 0.8305510000000 0.0000000132767 1.0000000000000
0.0000000134386 1.2624400000000 0.0000000134386 1.0000000000000
0.0000000136005 1.1295500000000 0.0000000136005 1.0000000000000
0.0000000137624 1.0963300000000 0.0000000137624 1.0000000000000
0.0000000139243 1.0963300000000 0.0000000139243 1.0000000000000
0.0000000140862 0.9966610000000 0.0000000140862 1.0000000000000
0.0000000142481 1.2292200000000 0.0000000142481 1.0000000000000
0.0000000144100 1.2292200000000 0.0000000144100 1.0000000000000
0.0000000145719 0.8969950000000 0.0000000145719 1.0000000000000
0.0000000147339 0.9634390000000 0.0000000147339 1.0000000000000
0.0000000148958 0.9634390000000 0.0000000148958 1.0000000000000
0.0000000150577 1.0298800000000 0.0000000150577 1.0000000000000
0.0000000152196 0.9302170000000 0.0000000152196 1.0000000000000
0.0000000153815 0.8637730000000 0.0000000153815 1.0000000000000
0.0000000155434 1.1959900000000 0.0000000155434 1.0000000000000
0.0000000157053 0.9634390000000 0.0000000157053 1.0000000000000
0.0000000158672 1.0631100000000 0.0000000158672 1.0000000000000
0.0000000160291 0.8969950000000 0.0000000160291 1.0000000000000
0.0000000161911 1.1295500000000 0.0000000161911 1.0000000000000
0.0000000163530 1.1959900000000 0.0000000163530 1.0000000000000
0.0000000165149 0.8969950000000 0.0000000165149 1.0000000000000
0.0000000166768 1.0298800000000 0.0000000166768 1.0000000000000
0.0000000168387 0.9966610000000 0.0000000168387 1.0000000000000
0.0000000170006 0.7973290000000 0.0000000170006 1.0000000000000
0.0000000171625 1.1627700000000 0.0000000171625 1.0000000000000
0.0000000173244 0.8969950000000 0.0000000173244 1.0000000000000
0.0000000174863 1.0631100000000 0.0000000174863 1.0000000000000
0.0000000176482 0.6976630000000 0.0000000176482 1.0000000000000
0.0000000178102 1.1959900000000 0.0000000178102 1.0000000000000
0.0000000179721 0.9634390000000 0.0000000179721 1.0000000000000
0.0000000181340 1.2956600000000 0.0000000181340 1.0000000000000
0.0000000182959 0.9634390000000 0.0000000182959 1.0000000000000
0.0000000184578 1.0631100000000 0.0000000184578 1.0000000000000
0.0000000186197 1.1627700000000 0.0000000186197 1.0000000000000
0.0000000187816 0.8305510000000 0.0000000187816 1.0000000000000
0.0000000189435 1.2624400000000 0.0000000189435 1.0000000000000
0.0000000191054 0.9302170000000 0.0000000191054 1.0000000000000
0.0000000192674 1.0963300000000 0.0000000192674 1.0000000000000
0.0000000194293 0.9966610000000 0.0000000194293 1.0000000000000
0.0000000195912 0.9966610000000 0.0000000195912 1.0000000000000
0.0000000197531 0.9302170000000 0.0000000197531 1.0000000000000
0.0000000199150 0.9302170000000 0.0000000199150 1.0000000000000
0.0000000200769 1.2956600000000 0.0000000200769 1.0000000000000
0.0000000202388 1.0298800000000 0.0000000202388 1.0000000000000
0.0000000204007 0.8969950000000 0.0000000204007 1.0000000000000
0.0000000205626 0.9966610000000 0.0000000205626 1.0000000000000
0.0000000207245 0.9302170000000 0.0000000207245 1.0000000000000
0.0000000208865 1.1295500000000 0.0000000208865 1.0000000000000
0.0000000210484 1.0631100000000 0.0000000210484 1.0000000000000
0.0000000212103 0.5647750000000 0.0000000212103 1.0000000000000
0.0000000213722 0.8969950000000 0.0000000213722 1.0000000000000
0.0000000215341 0.7308850000000 0.0000000215341 1.0000000000000
0.0000000216960 0.8969950000000 0.0000000216960 1.0000000000000
0.0000000218579 1.0298800000000 0.0000000218579 1.0000000000000
0.0000000220198 0.8637730000000 0.0000000220198 1.0000000000000
0.0000000221817 0.9302170000000 0.0000000221817 1.0000000000000
0.0000000223437 0.9302170000000 0.0000000223437 1.0000000000000
0.0000000225056 1.1627700000000 0.0000000225056 1.0000000000000
0.0000000226675 1.2624400000000 0.0000000226675 1.0000000000000
0.0000000228294 0.9302170000000 0.0000000228294 1.0000000000000
0.0000000229913 0.7308850000000 0.0000000229913 1.0000000000000
0.0000000231532 0.9302170000000 0.0000000231532 1.0000000000000
0.0000000233151 0.7641070000000 0.0000000233151 1.0000000000000
0.0000000234770 1.1295500000000 0.0000000234770 1.0000000000000
0.0000000236389 1.0963300000000 0.0000000236389 1.0000000000000
0.0000000238009 0.7308850000000 0.0000000238009 1.0000000000000
0.0000000239628 1.1295500000000 0.0000000239628 1.0000000000000
0.0000000241247 1.1295500000000 0.0000000241247 1.0000000000000
0.0000000242866 0.8969950000000 0.0000000242866 1.0000000000000
0.0000000244485 1.1627700000000 0.0000000244485 1.0000000000000
0.0000000246104 1.1959900000000 0.0000000246104 1.0000000000000
0.0000000247723 1.1295500000000 0.0000000247723 1.0000000000000
0.0000000249342 0.6644410000000 0.0000000249342 1.0000000000000
0.0000000250961 0.7641070000000 0.0000000250961 1.0000000000000
0.0000000252580 0.7308850000000 0.0000000252580 1.0000000000000
0.0000000254200 0.9634390000000 0.0000000254200 1.0000000000000
0.0000000255819 1.4285500000000 0.0000000255819 1.0000000000000
0.0000000257438 1.1295500000000 0.0000000257438 1.0000000000000
0.0000000259057 0.9966610000000 0.0000000259057 1.0000000000000
0.0000000260676 1.0631100000000 0.0000000260676 1.0000000000000
0.0000000262295 1.1627700000000 0.0000000262295 1.0000000000000
0.0000000263914 0.6312190000000 0.0000000263914 1.0000000000000
0.0000000265533 1.0298800000000 0.0000000265533 1.0000000000000
0.0000000267152 1.1295500000000 0.0000000267152 1.0000000000000
0.0000000268772 1.1627700000000 0.0000000268772 1.0000000000000
0.0000000270391 0.9302170000000 0.0000000270391 1.0000000000000
0.0000000272010 0.8305510000000 0.0000000272010 1.0000000000000
0.0000000273629 1.1959900000000 0.0000000273629 1.0000000000000
0.0000000275248 1.1627700000000 0.0000000275248 1.0000000000000
0.0000000276867 0.8305510000000 0.0000000276867 1.0000000000000
0.0000000278486 0.9302170000000 0.0000000278486 1.0000000000000
0.0000000280105 1.1627700000000 0.0000000280105 1.0000000000000
0.0000000281724 0.7973290000000 0.0000000281724 1.0000000000000
0.0000000283343 0.9302170000000 0.0000000283343 1.0000000000000
0.0000000284963 1.1295500000000 0.0000000284963 1.0000000000000
0.0000000286582 1.0631100000000 0.0000000286582 1.0000000000000
0.0000000288201 0.9634390000000 0.0000000288201 1.0000000000000
0.0000000289820 1.1295500000000 0.0000000289820 1.0000000000000
0.0000000291439 0.9302170000000 0.0000000291439 1.0000000000000
0.0000000293058 0.8305510000000 0.0000000293058 1.0000000000000
0.0000000294677 1.2624400000000 0.0000000294677 1.0000000000000
0.0000000296296 0.9634390000000 0.0000000296296 1.0000000000000
0.0000000297915 1.1627700000000 0.0000000297915 1.0000000000000
0.0000000299535 0.9302170000000 0.0000000299535 1.0000000000000
0.0000000301154 0.9634390000000 0.0000000301154 1.0000000000000
0.0000000302773 0.8637730000000 0.0000000302773 1.0000000000000
0.0000000304392 1.0298800000000 0.0000000304392 1.0000000000000
0.0000000306011 1.0298800000000 0.0000000306011 1.0000000000000
0.0000000307630 0.6644410000000 0.0000000307630 1.0000000000000
0.0000000309249 0.8969950000000 0.0000000309249 1.0000000000000
0.0000000310868 0.8637730000000 0.0000000310868 1.0000000000000
0.0000000312487 0.8637730000000 0.0000000312487 1.0000000000000
0.0000000314106 1.0631100000000 0.0000000314106 1.0000000000000
0.0000000315726 0.9302170000000 0.0000000315726 1.0000000000000
0.0000000317345 0.8969950000000 0.0000000317345 1.0000000000000
0.0000000318964 1.3621000000000 0.0000000318964 1.0000000000000
0.0000000320583 0.7308850000000 0.0000000320583 1.0000000000000
0.0000000322202 1.2624400000000 0.0000000322202 1.0000000000000
0.0000000323821 1.0631100000000 0.0000000323821 1.0000000000000
0.0000000325440 0.6644410000000 0.0000000325440 1.0000000000000
0.0000000327059 0.7973290000000 0.0000000327059 1.0000000000000
0.0000000328678 1.1627700000000 0.0000000328678 1.0000000000000
0.0000000330298 0.9966610000000 0.0000000330298 1.0000000000000
0.0000000331917 0.7641070000000 0.0000000331917 1.0000000000000
0.0000000333536 0.9634390000000 0.0000000333536 1.0000000000000
0.0000000335155 0.9966610000000 0.0000000335155 1.0000000000000
0.0000000336774 1.0963300000000 0.0000000336774 1.0000000000000
0.0000000338393 1.0963300000000 0.0000000338393 1.0000000000000
0.0000000340012 1.2292200000000 0.0000000340012 1.0000000000000
0.0000000341631 1.0298800000000 0.0000000341631 1.0000000000000
0.0000000343250 1.1959900000000 0.0000000343250 1.0000000000000
0.0000000344869 1.0298800000000 0.0000000344869 1.0000000000000
0.0000000346489 1.1295500000000 0.0000000346489 1.0000000000000
0.0000000348108 0.8637730000000 0.0000000348108 1.0000000000000
0.0000000349727 1.0298800000000 0.0000000349727 1.0000000000000
0.0000000351346 0.9634390000000 0.0000000351346 1.0000000000000
0.0000000352965 1.2956600000000 0.0000000352965 1.0000000000000
0.0000000354584 1.0631100000000 0.0000000354584 1.0000000000000
0.0000000356203 1.1295500000000 0.0000000356203 1.0000000000000
0.0000000357822 1.3288800000000 0.0000000357822 1.0000000000000
0.0000000359441 0.6312190000000 0.0000000359441 1.0000000000000
0.0000000361061 0.8637730000000 0.0000000361061 1.0000000000000
0.0000000362680 0.7308850000000 0.0000000362680 1.0000000000000
0.0000000364299 1.2292200000000 0.0000000364299 1.0000000000000
0.0000000365918 0.8637730000000 0.0000000365918 1.0000000000000
0.0000000367537 1.0631100000000 0.0000000367537 1.0000000000000
0.0000000369156 0.9966610000000 0.0000000369156 1.0000000000000
0.0000000370775 1.1627700000000 0.0000000370775 1.0000000000000
0.0000000372394 0.9634390000000 0.0000000372394 1.0000000000000
0.0000000374013 0.6976630000000 0.0000000374013 1.0000000000000
0.0000000375632 0.7973290000000 0.0000000375632 1.0000000000000
0.0000000377252 1.1295500000000 0.0000000377252 1.0000000000000
0.0000000378871 0.9302170000000 0.0000000378871 1.0000000000000
0.0000000380490 1.1295500000000 0.0000000380490 1.0000000000000
0.0000000382109 1.0298800000000 0.0000000382109 1.0000000000000
0.0000000383728 0.7308850000000 0.0000000383728 1.0000000000000
0.0000000385347 1.2624400000000 0.0000000385347 1.0000000000000
0.0000000386966 1.1627700000000 0.0000000386966 1.0000000000000
0.0000000388585 0.7973290000000 0.0000000388585 1.0000000000000
0.0000000390204 1.2624400000000 0.0000000390204 1.0000000000000
0.0000000391824 1.0298800000000 0.0000000391824 1.0000000000000
0.0000000393443 0.7973290000000 0.0000000393443 1.0000000000000
0.0000000395062 0.8969950000000 0.0000000395062 1.0000000000000
0.0000000396681 1.0963300000000 0.0000000396681 1.0000000000000
0.0000000398300 0.8969950000000 0.0000000398300 1.0000000000000
0.0000000399919 0.8969950000000 0.0000000399919 1.0000000000000
0.0000000401538 1.1627700000000 0.0000000401538 1.0000000000000
0.0000000403157 1.1959900000000 0.0000000403157 1.0000000000000
0.0000000404776 1.1295500000000 0.0000000404776 1.0000000000000
0.0000000406395 1.1627700000000 0.0000000406395 1.0000000000000
0.0000000408015 1.1627700000000 0.0000000408015 1.0000000000000
0.0000000409634 0.8637730000000 0.0000000409634 1.0000000000000
0.0000000411253 1.0298800000000 0.0000000411253 1.0000000000000
0.0000000412872 0.7308850000000 0.0000000412872 1.0000000000000
0.0000000414491 1.1959900000000 0.0000000414491 1.0000000000000
0.0000000416110 1.1627700000000 0.0000000416110 1.0000000000000
0.0000000417729 0.9966610000000 0.0000000417729 1.0000000000000
0.0000000419348 0.8305510000000 0.0000000419348 1.0000000000000
0.0000000420967 0.9634390000000 0.0000000420967 1.0000000000000
0.0000000422587 1.1295500000000 0.0000000422587 1.0000000000000
0.0000000424206 0.9302170000000 0.0000000424206 1.0000000000000
0.0000000425825 0.7973290000000 0.0000000425825 1.0000000000000
0.0000000427444 1.1627700000000 0.0000000427444 1.0000000000000
0.0000000429063 0.9634390000000 0.0000000429063 1.0000000000000
0.0000000430682 0.8969950000000 0.0000000430682 1.0000000000000
0.0000000432301 0.7973290000000 0.0000000432301 1.0000000000000
0.0000000433920 1.2292200000000 0.0000000433920 1.0000000000000
0.0000000435539 1.2624400000000 0.0000000435539 1.0000000000000
0.0000000437158 0.8637730000000 0.0000000437158 1.0000000000000
0.0000000438778 0.9302170000000 0.0000000438778 1.0000000000000
0.0000000440397 0.9302170000000 0.0000000440397 1.0000000000000
0.0000000442016 1.0963300000000 0.0000000442016 1.0000000000000
0.0000000443635 0.9966610000000 0.0000000443635 1.0000000000000
0.0000000445254 1.1295500000000 0.0000000445254 1.0000000000000
0.0000000446873 1.0963300000000 0.0000000446873 1.0000000000000
0.0000000448492 0.9634390000000 0.0000000448492 1.0000000000000
0.0000000450111 1.2956600000000 0.0000000450111 1.0000000000000
0.0000000451730 0.8305510000000 0.0000000451730 1.0000000000000
0.0000000453350 1.0631100000000 0.0000000453350 1.0000000000000
0.0000000454969 1.2956600000000 0.0000000454969 1.0000000000000
0.0000000456588 0.9634390000000 0.0000000456588 1.0000000000000
0.0000000458207 1.1295500000000 0.0000000458207 1.0000000000000
0.0000000459826 1.0631100000000 0.0000000459826 1.0000000000000
0.0000000461445 1.0963300000000 0.0000000461445 1.0000000000000
0.0000000463064 1.0298800000000 0.0000000463064 1.0000000000000
0.0000000464683 1.0298800000000 0.0000000464683 1.0000000000000
0.0000000466302 1.2624400000000 0.0000000466302 1.0000000000000
0.0000000467921 1.2956600000000 0.0000000467921 1.0000000000000
0.0000000469541 1.1959900000000 0.0000000469541 1.0000000000000
0.0000000471160 0.8969950000000 0.0000000471160 1.0000000000000
0.0000000472779 0.9634390000000 0.0000000472779 1.0000000000000
0.0000000474398 1.0298800000000 0.0000000474398 1.0000000000000
0.0000000476017 1.0631100000000 0.0000000476017 1.0000000000000
0.0000000477636 1.1959900000000 0.0000000477636 1.0000000000000
0.0000000479255 0.7308850000000 0.0000000479255 1.0000000000000
0.0000000480874 0.9302170000000 0.0000000480874 1.0000000000000
0.0000000482493 0.8305510000000 0.0000000482493 1.0000000000000
0.0000000484113 0.9966610000000 0.0000000484113 1.0000000000000
0.0000000485732 0.7973290000000 0.0000000485732 1.0000000000000
0.0000000487351 1.0631100000000 0.0000000487351 1.0000000000000
0.0000000488970 1.1959900000000 0.0000000488970 1.0000000000000
0.0000000490589 1.1959900000000 0.0000000490589 1.0000000000000
0.0000000492208 0.8305510000000 0.0000000492208 1.0000000000000
0.0000000493827 0.8637730000000 0.0000000493827 1.0000000000000
0.0000000495446 0.6644410000000 0.0000000495446 1.0000000000000
0.0000000497065 0.9302170000000 0.0000000497065 1.0000000000000
0.0000000498684 1.4285500000000 0.0000000498684 1.0000000000000
0.0000000500304 1.0631100000000 0.0000000500304 1.0000000000000
