1.338598E+0	9.262243E+2	1.507000E+3
1.338581E+0	9.262361E+2	1.277000E+3
1.338564E+0	9.262479E+2	1.126000E+3
1.338547E+0	9.262598E+2	1.064000E+3
1.338530E+0	9.262716E+2	1.075000E+3
1.338512E+0	9.262834E+2	1.193000E+3
1.338495E+0	9.262953E+2	1.150000E+3
1.338478E+0	9.263071E+2	1.120000E+3
1.338461E+0	9.263189E+2	1.024000E+3
1.338444E+0	9.263308E+2	1.006000E+3
1.338427E+0	9.263426E+2	9.230000E+2
1.338410E+0	9.263544E+2	9.790000E+2
1.338393E+0	9.263663E+2	9.870000E+2
1.338376E+0	9.263781E+2	9.530000E+2
1.338359E+0	9.263899E+2	9.020000E+2
1.338341E+0	9.264018E+2	8.930000E+2
1.338324E+0	9.264136E+2	8.380000E+2
1.338307E+0	9.264254E+2	8.550000E+2
1.338290E+0	9.264373E+2	9.000000E+2
1.338273E+0	9.264491E+2	9.970000E+2
1.338256E+0	9.264609E+2	1.032000E+3
1.338239E+0	9.264728E+2	1.040000E+3
1.338222E+0	9.264846E+2	9.910000E+2
1.338205E+0	9.264964E+2	9.420000E+2
1.338188E+0	9.265083E+2	9.260000E+2
1.338171E+0	9.265201E+2	9.830000E+2
1.338153E+0	9.265319E+2	9.980000E+2
1.338136E+0	9.265438E+2	1.039000E+3
1.338119E+0	9.265556E+2	1.006000E+3
1.338102E+0	9.265674E+2	9.590000E+2
1.338085E+0	9.265793E+2	9.980000E+2
1.338068E+0	9.265911E+2	1.049000E+3
1.338051E+0	9.266029E+2	1.184000E+3
1.338034E+0	9.266148E+2	1.228000E+3
1.338017E+0	9.266266E+2	1.228000E+3
1.338000E+0	9.266384E+2	1.174000E+3
1.337983E+0	9.266503E+2	1.085000E+3
1.337965E+0	9.266621E+2	1.021000E+3
1.337948E+0	9.266739E+2	1.045000E+3
1.337931E+0	9.266858E+2	1.137000E+3
1.337914E+0	9.266976E+2	1.240000E+3
1.337897E+0	9.267094E+2	1.166000E+3
1.337880E+0	9.267213E+2	1.169000E+3
1.337863E+0	9.267331E+2	1.045000E+3
1.337846E+0	9.267449E+2	1.081000E+3
1.337829E+0	9.267568E+2	1.093000E+3
1.337812E+0	9.267686E+2	1.105000E+3
1.337795E+0	9.267804E+2	1.119000E+3
1.337778E+0	9.267923E+2	9.980000E+2
1.337760E+0	9.268041E+2	1.006000E+3
1.337743E+0	9.268159E+2	8.980000E+2
1.337726E+0	9.268278E+2	8.980000E+2
1.337709E+0	9.268396E+2	9.040000E+2
1.337692E+0	9.268514E+2	9.150000E+2
1.337675E+0	9.268633E+2	9.020000E+2
1.337658E+0	9.268751E+2	9.090000E+2
1.337641E+0	9.268869E+2	8.730000E+2
1.337624E+0	9.268988E+2	8.200000E+2
1.337607E+0	9.269106E+2	7.750000E+2
1.337590E+0	9.269224E+2	7.800000E+2
1.337573E+0	9.269343E+2	7.810000E+2
1.337556E+0	9.269461E+2	8.780000E+2
1.337538E+0	9.269579E+2	8.140000E+2
1.337521E+0	9.269698E+2	7.890000E+2
1.337504E+0	9.269816E+2	8.130000E+2
1.337487E+0	9.269934E+2	8.480000E+2
1.337470E+0	9.270053E+2	9.410000E+2
1.337453E+0	9.270171E+2	1.053000E+3
1.337436E+0	9.270289E+2	1.131000E+3
1.337419E+0	9.270408E+2	1.185000E+3
1.337402E+0	9.270526E+2	1.087000E+3
1.337385E+0	9.270644E+2	1.089000E+3
1.337368E+0	9.270763E+2	1.105000E+3
1.337351E+0	9.270881E+2	1.269000E+3
1.337334E+0	9.270999E+2	1.378000E+3
1.337317E+0	9.271118E+2	1.487000E+3
1.337299E+0	9.271236E+2	1.501000E+3
1.337282E+0	9.271354E+2	1.440000E+3
1.337265E+0	9.271473E+2	1.527000E+3
1.337248E+0	9.271591E+2	1.605000E+3
1.337231E+0	9.271709E+2	1.841000E+3
1.337214E+0	9.271828E+2	1.973000E+3
1.337197E+0	9.271946E+2	1.886000E+3
1.337180E+0	9.272064E+2	1.685000E+3
1.337163E+0	9.272183E+2	1.576000E+3
1.337146E+0	9.272301E+2	1.531000E+3
1.337129E+0	9.272419E+2	1.595000E+3
1.337112E+0	9.272537E+2	1.746000E+3
1.337095E+0	9.272656E+2	1.919000E+3
1.337078E+0	9.272774E+2	1.919000E+3
1.337061E+0	9.272892E+2	1.839000E+3
1.337044E+0	9.273011E+2	1.697000E+3
1.337026E+0	9.273129E+2	1.647000E+3
1.337009E+0	9.273247E+2	1.677000E+3
1.336992E+0	9.273366E+2	1.750000E+3
1.336975E+0	9.273484E+2	1.729000E+3
1.336958E+0	9.273602E+2	1.600000E+3
1.336941E+0	9.273721E+2	1.502000E+3
1.336924E+0	9.273839E+2	1.306000E+3
1.336907E+0	9.273957E+2	1.286000E+3
1.336890E+0	9.274076E+2	1.353000E+3
1.336873E+0	9.274194E+2	1.544000E+3
1.336856E+0	9.274312E+2	1.634000E+3
1.336839E+0	9.274431E+2	1.522000E+3
1.336822E+0	9.274549E+2	1.389000E+3
1.336805E+0	9.274667E+2	1.220000E+3
1.336788E+0	9.274786E+2	1.244000E+3
1.336771E+0	9.274904E+2	1.194000E+3
1.336754E+0	9.275022E+2	1.296000E+3
1.336736E+0	9.275141E+2	1.271000E+3
1.336719E+0	9.275259E+2	1.276000E+3
1.336702E+0	9.275377E+2	1.194000E+3
1.336685E+0	9.275496E+2	1.160000E+3
1.336668E+0	9.275614E+2	1.211000E+3
1.336651E+0	9.275732E+2	1.353000E+3
1.336634E+0	9.275851E+2	1.469000E+3
1.336617E+0	9.275969E+2	1.551000E+3
1.336600E+0	9.276087E+2	1.486000E+3
1.336583E+0	9.276206E+2	1.273000E+3
1.336566E+0	9.276324E+2	1.205000E+3
1.336549E+0	9.276442E+2	1.165000E+3
1.336532E+0	9.276561E+2	1.336000E+3
1.336515E+0	9.276679E+2	1.530000E+3
1.336498E+0	9.276797E+2	1.576000E+3
1.336481E+0	9.276916E+2	1.541000E+3
1.336464E+0	9.277034E+2	1.531000E+3
1.336447E+0	9.277152E+2	1.557000E+3
1.336430E+0	9.277271E+2	1.653000E+3
1.336413E+0	9.277389E+2	1.890000E+3
1.336395E+0	9.277507E+2	2.143000E+3
1.336378E+0	9.277626E+2	2.126000E+3
1.336361E+0	9.277744E+2	1.843000E+3
1.336344E+0	9.277862E+2	1.604000E+3
1.336327E+0	9.277981E+2	1.552000E+3
1.336310E+0	9.278099E+2	1.779000E+3
1.336293E+0	9.278217E+2	2.030000E+3
1.336276E+0	9.278336E+2	2.260000E+3
1.336259E+0	9.278454E+2	2.474000E+3
1.336242E+0	9.278572E+2	2.438000E+3
1.336225E+0	9.278691E+2	2.287000E+3
1.336208E+0	9.278809E+2	2.212000E+3
1.336191E+0	9.278927E+2	2.334000E+3
1.336174E+0	9.279046E+2	2.440000E+3
1.336157E+0	9.279164E+2	2.527000E+3
1.336140E+0	9.279282E+2	2.347000E+3
1.336123E+0	9.279401E+2	2.120000E+3
1.336106E+0	9.279519E+2	1.867000E+3
1.336089E+0	9.279637E+2	1.882000E+3
1.336072E+0	9.279756E+2	2.033000E+3
1.336055E+0	9.279874E+2	2.349000E+3
1.336038E+0	9.279992E+2	2.766000E+3
1.336021E+0	9.280111E+2	2.658000E+3
1.336004E+0	9.280229E+2	2.453000E+3
1.335987E+0	9.280347E+2	2.261000E+3
1.335970E+0	9.280466E+2	2.191000E+3
1.335952E+0	9.280584E+2	2.130000E+3
1.335935E+0	9.280702E+2	2.317000E+3
1.335918E+0	9.280821E+2	2.480000E+3
1.335901E+0	9.280939E+2	2.619000E+3
1.335884E+0	9.281057E+2	3.104000E+3
1.335867E+0	9.281176E+2	3.761000E+3
1.335850E+0	9.281294E+2	3.600000E+3
1.335833E+0	9.281412E+2	2.995000E+3
1.335816E+0	9.281531E+2	2.686000E+3
1.335799E+0	9.281649E+2	2.545000E+3
1.335782E+0	9.281767E+2	2.304000E+3
1.335765E+0	9.281886E+2	1.833000E+3
1.335748E+0	9.282004E+2	1.613000E+3
1.335731E+0	9.282122E+2	1.507000E+3
1.335714E+0	9.282241E+2	1.460000E+3
1.335697E+0	9.282359E+2	1.451000E+3
1.335680E+0	9.282477E+2	1.532000E+3
1.335663E+0	9.282596E+2	1.478000E+3
1.335646E+0	9.282714E+2	1.423000E+3
1.335629E+0	9.282832E+2	1.342000E+3
1.335612E+0	9.282951E+2	1.363000E+3
1.335595E+0	9.283069E+2	1.531000E+3
1.335578E+0	9.283187E+2	1.633000E+3
1.335561E+0	9.283306E+2	1.568000E+3
1.335544E+0	9.283424E+2	1.428000E+3
1.335527E+0	9.283542E+2	1.279000E+3
1.335510E+0	9.283661E+2	1.155000E+3
1.335493E+0	9.283779E+2	1.142000E+3
1.335476E+0	9.283897E+2	1.206000E+3
1.335459E+0	9.284015E+2	1.341000E+3
1.335442E+0	9.284134E+2	1.333000E+3
1.335425E+0	9.284252E+2	1.317000E+3
1.335408E+0	9.284370E+2	1.225000E+3
1.335391E+0	9.284489E+2	1.208000E+3
1.335374E+0	9.284607E+2	1.148000E+3
1.335357E+0	9.284725E+2	1.210000E+3
1.335340E+0	9.284844E+2	1.199000E+3
1.335323E+0	9.284962E+2	1.210000E+3
1.335305E+0	9.285080E+2	1.012000E+3
1.335288E+0	9.285199E+2	9.350000E+2
1.335271E+0	9.285317E+2	8.620000E+2
1.335254E+0	9.285435E+2	9.260000E+2
1.335237E+0	9.285554E+2	9.770000E+2
1.335220E+0	9.285672E+2	9.850000E+2
1.335203E+0	9.285790E+2	1.028000E+3
1.335186E+0	9.285909E+2	9.070000E+2
1.335169E+0	9.286027E+2	8.900000E+2
1.335152E+0	9.286145E+2	8.750000E+2
1.335135E+0	9.286264E+2	8.450000E+2
1.335118E+0	9.286382E+2	8.110000E+2
1.335101E+0	9.286500E+2	8.080000E+2
1.335084E+0	9.286619E+2	7.750000E+2
1.335067E+0	9.286737E+2	7.420000E+2
1.335050E+0	9.286855E+2	7.450000E+2
1.335033E+0	9.286974E+2	7.240000E+2
1.335016E+0	9.287092E+2	7.410000E+2
1.334999E+0	9.287210E+2	7.370000E+2
1.334982E+0	9.287329E+2	8.030000E+2
1.334965E+0	9.287447E+2	7.530000E+2
1.334948E+0	9.287565E+2	7.600000E+2
1.334931E+0	9.287684E+2	7.280000E+2
1.334914E+0	9.287802E+2	7.410000E+2
1.334897E+0	9.287920E+2	7.180000E+2
1.334880E+0	9.288039E+2	7.500000E+2
1.334863E+0	9.288157E+2	7.490000E+2
1.334846E+0	9.288275E+2	7.830000E+2
1.334829E+0	9.288394E+2	7.320000E+2
1.334812E+0	9.288512E+2	8.220000E+2
1.334795E+0	9.288630E+2	8.310000E+2
1.334778E+0	9.288749E+2	9.000000E+2
1.334761E+0	9.288867E+2	9.450000E+2
1.334744E+0	9.288985E+2	1.037000E+3
1.334727E+0	9.289104E+2	1.023000E+3
1.334710E+0	9.289222E+2	1.017000E+3
1.334693E+0	9.289340E+2	9.650000E+2
1.334676E+0	9.289459E+2	1.015000E+3
1.334659E+0	9.289577E+2	1.134000E+3
1.334642E+0	9.289695E+2	1.256000E+3
1.334625E+0	9.289814E+2	1.417000E+3
1.334608E+0	9.289932E+2	1.447000E+3
1.334591E+0	9.290050E+2	1.390000E+3
1.334574E+0	9.290169E+2	1.426000E+3
1.334557E+0	9.290287E+2	1.425000E+3
1.334540E+0	9.290405E+2	1.618000E+3
1.334523E+0	9.290524E+2	1.909000E+3
1.334506E+0	9.290642E+2	1.998000E+3
1.334489E+0	9.290760E+2	1.956000E+3
1.334472E+0	9.290879E+2	1.817000E+3
1.334455E+0	9.290997E+2	1.680000E+3
1.334438E+0	9.291115E+2	1.787000E+3
1.334421E+0	9.291234E+2	2.047000E+3
1.334404E+0	9.291352E+2	2.308000E+3
1.334387E+0	9.291470E+2	2.591000E+3
1.334370E+0	9.291589E+2	2.461000E+3
1.334353E+0	9.291707E+2	2.204000E+3
1.334336E+0	9.291825E+2	2.052000E+3
1.334319E+0	9.291944E+2	1.973000E+3
1.334302E+0	9.292062E+2	2.198000E+3
1.334285E+0	9.292180E+2	2.490000E+3
1.334268E+0	9.292299E+2	2.536000E+3
1.334251E+0	9.292417E+2	2.299000E+3
1.334234E+0	9.292535E+2	2.207000E+3
1.334217E+0	9.292654E+2	2.065000E+3
1.334200E+0	9.292772E+2	2.057000E+3
1.334183E+0	9.292890E+2	2.452000E+3
1.334166E+0	9.293009E+2	2.646000E+3
1.334149E+0	9.293127E+2	2.740000E+3
1.334132E+0	9.293245E+2	2.483000E+3
1.334115E+0	9.293364E+2	2.072000E+3
1.334098E+0	9.293482E+2	1.825000E+3
1.334081E+0	9.293600E+2	1.834000E+3
1.334064E+0	9.293719E+2	1.959000E+3
1.334047E+0	9.293837E+2	2.200000E+3
1.334030E+0	9.293955E+2	2.296000E+3
1.334013E+0	9.294074E+2	2.093000E+3
1.333996E+0	9.294192E+2	1.848000E+3
1.333979E+0	9.294310E+2	1.820000E+3
1.333962E+0	9.294429E+2	1.824000E+3
1.333946E+0	9.294547E+2	1.997000E+3
1.333929E+0	9.294665E+2	2.070000E+3
1.333912E+0	9.294784E+2	2.153000E+3
1.333895E+0	9.294902E+2	1.857000E+3
1.333878E+0	9.295020E+2	1.621000E+3
1.333861E+0	9.295139E+2	1.485000E+3
1.333844E+0	9.295257E+2	1.527000E+3
1.333827E+0	9.295375E+2	1.618000E+3
1.333810E+0	9.295494E+2	1.868000E+3
1.333793E+0	9.295612E+2	1.843000E+3
1.333776E+0	9.295730E+2	1.724000E+3
1.333759E+0	9.295848E+2	1.489000E+3
1.333742E+0	9.295967E+2	1.400000E+3
1.333725E+0	9.296085E+2	1.359000E+3
1.333708E+0	9.296203E+2	1.406000E+3
1.333691E+0	9.296322E+2	1.531000E+3
1.333674E+0	9.296440E+2	1.473000E+3
1.333657E+0	9.296558E+2	1.348000E+3
1.333640E+0	9.296677E+2	1.244000E+3
1.333623E+0	9.296795E+2	1.200000E+3
1.333606E+0	9.296913E+2	1.229000E+3
1.333589E+0	9.297032E+2	1.306000E+3
1.333572E+0	9.297150E+2	1.419000E+3
1.333555E+0	9.297268E+2	1.455000E+3
1.333538E+0	9.297387E+2	1.306000E+3
1.333521E+0	9.297505E+2	1.113000E+3
1.333504E+0	9.297623E+2	1.050000E+3
1.333487E+0	9.297742E+2	1.025000E+3
1.333470E+0	9.297860E+2	1.127000E+3
1.333453E+0	9.297978E+2	1.110000E+3
1.333436E+0	9.298097E+2	1.140000E+3
1.333419E+0	9.298215E+2	1.157000E+3
1.333402E+0	9.298333E+2	1.066000E+3
1.333385E+0	9.298452E+2	1.079000E+3
1.333368E+0	9.298570E+2	1.078000E+3
1.333351E+0	9.298688E+2	1.293000E+3
1.333334E+0	9.298807E+2	1.226000E+3
1.333317E+0	9.298925E+2	1.188000E+3
1.333300E+0	9.299043E+2	1.058000E+3
1.333284E+0	9.299162E+2	1.022000E+3
1.333267E+0	9.299280E+2	9.320000E+2
1.333250E+0	9.299398E+2	9.800000E+2
1.333233E+0	9.299517E+2	1.099000E+3
1.333216E+0	9.299635E+2	1.127000E+3
1.333199E+0	9.299753E+2	1.156000E+3
1.333182E+0	9.299872E+2	1.114000E+3
1.333165E+0	9.299990E+2	1.076000E+3
1.333148E+0	9.300108E+2	1.056000E+3
1.333131E+0	9.300227E+2	1.127000E+3
1.333114E+0	9.300345E+2	1.189000E+3
1.333097E+0	9.300463E+2	1.174000E+3
1.333080E+0	9.300582E+2	1.176000E+3
1.333063E+0	9.300700E+2	1.085000E+3
1.333046E+0	9.300818E+2	9.920000E+2
1.333029E+0	9.300937E+2	9.430000E+2
1.333012E+0	9.301055E+2	1.042000E+3
1.332995E+0	9.301173E+2	1.219000E+3
1.332978E+0	9.301292E+2	1.388000E+3
1.332961E+0	9.301410E+2	1.390000E+3
1.332944E+0	9.301528E+2	1.337000E+3
1.332927E+0	9.301647E+2	1.294000E+3
1.332910E+0	9.301765E+2	1.210000E+3
1.332893E+0	9.301883E+2	1.233000E+3
1.332876E+0	9.302002E+2	1.322000E+3
1.332860E+0	9.302120E+2	1.343000E+3
1.332843E+0	9.302238E+2	1.363000E+3
1.332826E+0	9.302357E+2	1.339000E+3
1.332809E+0	9.302475E+2	1.217000E+3
1.332792E+0	9.302593E+2	1.283000E+3
1.332775E+0	9.302712E+2	1.442000E+3
1.332758E+0	9.302830E+2	1.683000E+3
1.332741E+0	9.302948E+2	1.883000E+3
1.332724E+0	9.303067E+2	1.834000E+3
1.332707E+0	9.303185E+2	1.729000E+3
1.332690E+0	9.303303E+2	1.466000E+3
1.332673E+0	9.303422E+2	1.342000E+3
1.332656E+0	9.303540E+2	1.302000E+3
1.332639E+0	9.303658E+2	1.392000E+3
1.332622E+0	9.303777E+2	1.459000E+3
1.332605E+0	9.303895E+2	1.434000E+3
1.332588E+0	9.304013E+2	1.314000E+3
1.332571E+0	9.304132E+2	1.278000E+3
1.332554E+0	9.304250E+2	1.273000E+3
1.332537E+0	9.304368E+2	1.406000E+3
1.332520E+0	9.304487E+2	1.468000E+3
1.332504E+0	9.304605E+2	1.517000E+3
1.332487E+0	9.304723E+2	1.450000E+3
1.332470E+0	9.304842E+2	1.200000E+3
1.332453E+0	9.304960E+2	1.075000E+3
1.332436E+0	9.305078E+2	9.830000E+2
1.332419E+0	9.305197E+2	9.470000E+2
1.332402E+0	9.305315E+2	1.039000E+3
1.332385E+0	9.305433E+2	1.063000E+3
1.332368E+0	9.305552E+2	1.022000E+3
1.332351E+0	9.305670E+2	9.790000E+2
1.332334E+0	9.305788E+2	9.560000E+2
1.332317E+0	9.305907E+2	8.980000E+2
1.332300E+0	9.306025E+2	9.080000E+2
1.332283E+0	9.306143E+2	9.160000E+2
1.332266E+0	9.306262E+2	9.520000E+2
1.332249E+0	9.306380E+2	8.290000E+2
1.332232E+0	9.306498E+2	8.200000E+2
1.332216E+0	9.306617E+2	7.650000E+2
1.332199E+0	9.306735E+2	7.120000E+2
1.332182E+0	9.306853E+2	8.040000E+2
1.332165E+0	9.306972E+2	7.950000E+2
1.332148E+0	9.307090E+2	8.480000E+2
1.332131E+0	9.307208E+2	8.980000E+2
1.332114E+0	9.307327E+2	8.250000E+2
1.332097E+0	9.307445E+2	8.200000E+2
1.332080E+0	9.307563E+2	7.850000E+2
1.332063E+0	9.307681E+2	8.330000E+2
1.332046E+0	9.307800E+2	8.310000E+2
1.332029E+0	9.307918E+2	8.540000E+2
1.332012E+0	9.308036E+2	8.170000E+2
1.331995E+0	9.308155E+2	7.780000E+2
1.331978E+0	9.308273E+2	7.880000E+2
1.331961E+0	9.308391E+2	8.290000E+2
1.331945E+0	9.308510E+2	8.400000E+2
1.331928E+0	9.308628E+2	9.160000E+2
1.331911E+0	9.308746E+2	1.023000E+3
1.331894E+0	9.308865E+2	1.013000E+3
1.331877E+0	9.308983E+2	9.750000E+2
1.331860E+0	9.309101E+2	8.700000E+2
1.331843E+0	9.309220E+2	8.470000E+2
1.331826E+0	9.309338E+2	8.820000E+2
1.331809E+0	9.309456E+2	9.370000E+2
1.331792E+0	9.309575E+2	9.690000E+2
1.331775E+0	9.309693E+2	9.670000E+2
1.331758E+0	9.309811E+2	9.570000E+2
1.331741E+0	9.309930E+2	9.530000E+2
1.331724E+0	9.310048E+2	9.990000E+2
1.331708E+0	9.310166E+2	1.104000E+3
1.331691E+0	9.310285E+2	1.136000E+3
1.331674E+0	9.310403E+2	1.343000E+3
1.331657E+0	9.310521E+2	1.325000E+3
1.331640E+0	9.310640E+2	1.227000E+3
1.331623E+0	9.310758E+2	1.142000E+3
1.331606E+0	9.310876E+2	1.122000E+3
1.331589E+0	9.310995E+2	1.121000E+3
1.331572E+0	9.311113E+2	1.289000E+3
1.331555E+0	9.311231E+2	1.382000E+3
1.331538E+0	9.311350E+2	1.416000E+3
1.331521E+0	9.311468E+2	1.425000E+3
1.331504E+0	9.311586E+2	1.300000E+3
1.331488E+0	9.311705E+2	1.410000E+3
1.331471E+0	9.311823E+2	1.519000E+3
1.331454E+0	9.311941E+2	1.640000E+3
1.331437E+0	9.312060E+2	1.763000E+3
1.331420E+0	9.312178E+2	1.630000E+3
1.331403E+0	9.312296E+2	1.455000E+3
1.331386E+0	9.312415E+2	1.374000E+3
1.331369E+0	9.312533E+2	1.368000E+3
1.331352E+0	9.312651E+2	1.425000E+3
1.331335E+0	9.312770E+2	1.666000E+3
1.331318E+0	9.312888E+2	1.972000E+3
1.331301E+0	9.313006E+2	1.937000E+3
1.331285E+0	9.313125E+2	1.801000E+3
1.331268E+0	9.313243E+2	1.722000E+3
1.331251E+0	9.313361E+2	1.654000E+3
1.331234E+0	9.313480E+2	1.844000E+3
1.331217E+0	9.313598E+2	1.943000E+3
1.331200E+0	9.313716E+2	1.992000E+3
1.331183E+0	9.313835E+2	1.906000E+3
1.331166E+0	9.313953E+2	1.711000E+3
1.331149E+0	9.314071E+2	1.536000E+3
1.331132E+0	9.314190E+2	1.559000E+3
1.331115E+0	9.314308E+2	1.733000E+3
1.331099E+0	9.314426E+2	1.996000E+3
1.331082E+0	9.314545E+2	2.264000E+3
1.331065E+0	9.314663E+2	2.177000E+3
1.331048E+0	9.314781E+2	1.947000E+3
1.331031E+0	9.314900E+2	1.732000E+3
1.331014E+0	9.315018E+2	1.725000E+3
1.330997E+0	9.315136E+2	1.767000E+3
1.330980E+0	9.315255E+2	1.902000E+3
1.330963E+0	9.315373E+2	1.965000E+3
1.330946E+0	9.315491E+2	1.922000E+3
1.330929E+0	9.315610E+2	1.743000E+3
1.330913E+0	9.315728E+2	1.576000E+3
1.330896E+0	9.315846E+2	1.609000E+3
1.330879E+0	9.315965E+2	1.697000E+3
1.330862E+0	9.316083E+2	1.917000E+3
1.330845E+0	9.316201E+2	2.034000E+3
1.330828E+0	9.316320E+2	1.839000E+3
1.330811E+0	9.316438E+2	1.558000E+3
1.330794E+0	9.316556E+2	1.391000E+3
1.330777E+0	9.316675E+2	1.315000E+3
1.330760E+0	9.316793E+2	1.352000E+3
1.330743E+0	9.316911E+2	1.476000E+3
1.330727E+0	9.317030E+2	1.529000E+3
1.330710E+0	9.317148E+2	1.452000E+3
1.330693E+0	9.317266E+2	1.237000E+3
1.330676E+0	9.317385E+2	1.184000E+3
1.330659E+0	9.317503E+2	1.153000E+3
1.330642E+0	9.317621E+2	1.200000E+3
1.330625E+0	9.317740E+2	1.231000E+3
1.330608E+0	9.317858E+2	1.291000E+3
1.330591E+0	9.317976E+2	1.188000E+3
1.330575E+0	9.318095E+2	1.084000E+3
1.330558E+0	9.318213E+2	1.000000E+3
1.330541E+0	9.318331E+2	9.460000E+2
1.330524E+0	9.318450E+2	9.350000E+2
1.330507E+0	9.318568E+2	1.028000E+3
1.330490E+0	9.318686E+2	1.086000E+3
1.330473E+0	9.318805E+2	1.001000E+3
1.330456E+0	9.318923E+2	9.580000E+2
1.330439E+0	9.319041E+2	8.360000E+2
1.330422E+0	9.319160E+2	8.180000E+2
1.330406E+0	9.319278E+2	8.230000E+2
1.330389E+0	9.319396E+2	8.550000E+2
1.330372E+0	9.319514E+2	8.480000E+2
1.330355E+0	9.319633E+2	8.180000E+2
1.330338E+0	9.319751E+2	7.910000E+2
1.330321E+0	9.319869E+2	8.180000E+2
1.330304E+0	9.319988E+2	8.150000E+2
1.330287E+0	9.320106E+2	8.330000E+2
1.330270E+0	9.320224E+2	8.310000E+2
1.330254E+0	9.320343E+2	9.140000E+2
1.330237E+0	9.320461E+2	9.020000E+2
1.330220E+0	9.320579E+2	7.920000E+2
1.330203E+0	9.320698E+2	7.790000E+2
1.330186E+0	9.320816E+2	7.760000E+2
1.330169E+0	9.320934E+2	8.150000E+2
1.330152E+0	9.321053E+2	8.170000E+2
1.330135E+0	9.321171E+2	8.980000E+2
1.330118E+0	9.321289E+2	9.180000E+2
1.330102E+0	9.321408E+2	8.820000E+2
1.330085E+0	9.321526E+2	8.720000E+2
1.330068E+0	9.321644E+2	8.620000E+2
1.330051E+0	9.321763E+2	8.590000E+2
1.330034E+0	9.321881E+2	9.710000E+2
1.330017E+0	9.321999E+2	9.880000E+2
1.330000E+0	9.322118E+2	9.790000E+2
1.329983E+0	9.322236E+2	9.570000E+2
1.329966E+0	9.322354E+2	8.880000E+2
1.329950E+0	9.322473E+2	8.720000E+2
1.329933E+0	9.322591E+2	9.050000E+2
1.329916E+0	9.322709E+2	9.630000E+2
1.329899E+0	9.322828E+2	1.099000E+3
1.329882E+0	9.322946E+2	1.118000E+3
1.329865E+0	9.323064E+2	1.077000E+3
1.329848E+0	9.323183E+2	1.051000E+3
1.329831E+0	9.323301E+2	1.056000E+3
1.329815E+0	9.323419E+2	1.034000E+3
1.329798E+0	9.323538E+2	1.071000E+3
1.329781E+0	9.323656E+2	1.088000E+3
1.329764E+0	9.323774E+2	1.070000E+3
1.329747E+0	9.323893E+2	9.680000E+2
1.329730E+0	9.324011E+2	9.330000E+2
1.329713E+0	9.324129E+2	9.180000E+2
1.329696E+0	9.324248E+2	9.790000E+2
1.329680E+0	9.324366E+2	1.108000E+3
1.329663E+0	9.324484E+2	1.155000E+3
1.329646E+0	9.324603E+2	1.162000E+3
1.329629E+0	9.324721E+2	1.182000E+3
1.329612E+0	9.324839E+2	1.115000E+3
1.329595E+0	9.324958E+2	1.150000E+3
1.329578E+0	9.325076E+2	1.141000E+3
1.329561E+0	9.325194E+2	1.112000E+3
1.329545E+0	9.325313E+2	1.149000E+3
1.329528E+0	9.325431E+2	1.283000E+3
1.329511E+0	9.325549E+2	1.456000E+3
1.329494E+0	9.325668E+2	1.924000E+3
1.329477E+0	9.325786E+2	3.403000E+3
1.329460E+0	9.325904E+2	9.892000E+3
1.329443E+0	9.326023E+2	1.500100E+4
1.329427E+0	9.326141E+2	8.071000E+3
1.329410E+0	9.326259E+2	3.608000E+3
1.329393E+0	9.326378E+2	2.119000E+3
1.329376E+0	9.326496E+2	1.516000E+3
1.329359E+0	9.326614E+2	1.224000E+3
1.329342E+0	9.326733E+2	1.115000E+3
1.329325E+0	9.326851E+2	1.109000E+3
1.329308E+0	9.326969E+2	1.157000E+3
1.329292E+0	9.327088E+2	1.177000E+3
1.329275E+0	9.327206E+2	1.208000E+3
1.329258E+0	9.327324E+2	1.089000E+3
1.329241E+0	9.327443E+2	1.115000E+3
1.329224E+0	9.327561E+2	1.148000E+3
1.329207E+0	9.327679E+2	1.124000E+3
1.329190E+0	9.327798E+2	1.236000E+3
1.329174E+0	9.327916E+2	1.243000E+3
1.329157E+0	9.328034E+2	1.102000E+3
1.329140E+0	9.328153E+2	1.032000E+3
1.329123E+0	9.328271E+2	9.750000E+2
1.329106E+0	9.328389E+2	1.012000E+3
1.329089E+0	9.328508E+2	1.071000E+3
1.329072E+0	9.328626E+2	1.116000E+3
1.329056E+0	9.328744E+2	1.235000E+3
1.329039E+0	9.328863E+2	1.200000E+3
1.329022E+0	9.328981E+2	1.161000E+3
1.329005E+0	9.329099E+2	1.059000E+3
1.328988E+0	9.329218E+2	1.011000E+3
1.328971E+0	9.329336E+2	1.038000E+3
1.328954E+0	9.329454E+2	1.080000E+3
1.328938E+0	9.329573E+2	1.001000E+3
1.328921E+0	9.329691E+2	9.550000E+2
1.328904E+0	9.329809E+2	8.870000E+2
1.328887E+0	9.329928E+2	8.010000E+2
1.328870E+0	9.330046E+2	8.380000E+2
1.328853E+0	9.330164E+2	9.030000E+2
1.328836E+0	9.330283E+2	1.010000E+3
1.328820E+0	9.330401E+2	1.017000E+3
1.328803E+0	9.330519E+2	9.140000E+2
1.328786E+0	9.330638E+2	8.840000E+2
1.328769E+0	9.330756E+2	8.560000E+2
1.328752E+0	9.330874E+2	7.990000E+2
1.328735E+0	9.330993E+2	7.330000E+2
1.328718E+0	9.331111E+2	7.700000E+2
1.328702E+0	9.331229E+2	7.490000E+2
1.328685E+0	9.331347E+2	7.340000E+2
1.328668E+0	9.331466E+2	6.850000E+2
1.328651E+0	9.331584E+2	7.200000E+2
1.328634E+0	9.331702E+2	7.170000E+2
1.328617E+0	9.331821E+2	7.440000E+2
1.328600E+0	9.331939E+2	6.910000E+2
1.328584E+0	9.332057E+2	6.740000E+2
1.328567E+0	9.332176E+2	6.760000E+2
1.328550E+0	9.332294E+2	6.760000E+2
1.328533E+0	9.332412E+2	6.280000E+2
1.328516E+0	9.332531E+2	5.980000E+2
1.328499E+0	9.332649E+2	6.160000E+2
1.328483E+0	9.332767E+2	6.330000E+2
1.328466E+0	9.332886E+2	6.350000E+2
1.328449E+0	9.333004E+2	5.720000E+2
1.328432E+0	9.333122E+2	6.350000E+2
1.328415E+0	9.333241E+2	6.270000E+2
1.328398E+0	9.333359E+2	6.080000E+2
1.328382E+0	9.333477E+2	6.130000E+2
1.328365E+0	9.333596E+2	6.170000E+2
1.328348E+0	9.333714E+2	5.880000E+2
1.328331E+0	9.333832E+2	5.960000E+2
1.328314E+0	9.333951E+2	6.330000E+2
1.328297E+0	9.334069E+2	6.290000E+2
1.328280E+0	9.334187E+2	6.420000E+2
1.328264E+0	9.334306E+2	5.830000E+2
1.328247E+0	9.334424E+2	6.150000E+2
1.328230E+0	9.334542E+2	7.270000E+2
1.328213E+0	9.334661E+2	1.338000E+3
1.328196E+0	9.334779E+2	8.927000E+3
1.328179E+0	9.334897E+2	5.273000E+3
1.328163E+0	9.335016E+2	1.002000E+3
1.328146E+0	9.335134E+2	6.910000E+2
1.328129E+0	9.335252E+2	5.990000E+2
1.328112E+0	9.335371E+2	6.070000E+2
1.328095E+0	9.335489E+2	6.440000E+2
1.328078E+0	9.335607E+2	5.830000E+2
1.328062E+0	9.335726E+2	6.220000E+2
1.328045E+0	9.335844E+2	6.310000E+2
1.328028E+0	9.335962E+2	6.070000E+2
1.328011E+0	9.336081E+2	6.230000E+2
1.327994E+0	9.336199E+2	6.020000E+2
1.327977E+0	9.336317E+2	5.990000E+2
1.327961E+0	9.336436E+2	6.380000E+2
1.327944E+0	9.336554E+2	6.190000E+2
1.327927E+0	9.336672E+2	6.450000E+2
1.327910E+0	9.336791E+2	7.240000E+2
1.327893E+0	9.336909E+2	8.850000E+2
1.327876E+0	9.337027E+2	1.116000E+3
1.327860E+0	9.337146E+2	1.065000E+3
1.327843E+0	9.337264E+2	1.031000E+3
1.327826E+0	9.337382E+2	1.075000E+3
1.327809E+0	9.337501E+2	1.113000E+3
1.327792E+0	9.337619E+2	1.126000E+3
1.327776E+0	9.337737E+2	1.200000E+3
1.327759E+0	9.337856E+2	1.330000E+3
1.327742E+0	9.337974E+2	1.445000E+3
1.327725E+0	9.338092E+2	1.387000E+3
1.327708E+0	9.338211E+2	1.280000E+3
1.327691E+0	9.338329E+2	1.192000E+3
1.327675E+0	9.338447E+2	1.160000E+3
1.327658E+0	9.338566E+2	1.197000E+3
1.327641E+0	9.338684E+2	1.245000E+3
1.327624E+0	9.338802E+2	1.371000E+3
1.327607E+0	9.338921E+2	1.381000E+3
1.327590E+0	9.339039E+2	1.235000E+3
1.327574E+0	9.339157E+2	1.156000E+3
1.327557E+0	9.339276E+2	1.189000E+3
1.327540E+0	9.339394E+2	1.255000E+3
1.327523E+0	9.339512E+2	1.378000E+3
1.327506E+0	9.339631E+2	1.363000E+3
1.327490E+0	9.339749E+2	1.366000E+3
1.327473E+0	9.339867E+2	1.177000E+3
1.327456E+0	9.339986E+2	1.118000E+3
1.327439E+0	9.340104E+2	1.109000E+3
1.327422E+0	9.340222E+2	1.127000E+3
1.327405E+0	9.340341E+2	1.259000E+3
1.327389E+0	9.340459E+2	1.319000E+3
1.327372E+0	9.340577E+2	1.310000E+3
1.327355E+0	9.340696E+2	1.309000E+3
1.327338E+0	9.340814E+2	1.190000E+3
1.327321E+0	9.340932E+2	1.119000E+3
1.327305E+0	9.341051E+2	1.064000E+3
1.327288E+0	9.341169E+2	1.088000E+3
1.327271E+0	9.341287E+2	1.142000E+3
1.327254E+0	9.341406E+2	1.105000E+3
1.327237E+0	9.341524E+2	1.081000E+3
1.327220E+0	9.341642E+2	9.460000E+2
1.327204E+0	9.341761E+2	9.220000E+2
1.327187E+0	9.341879E+2	9.430000E+2
1.327170E+0	9.341997E+2	9.690000E+2
1.327153E+0	9.342116E+2	1.060000E+3
1.327136E+0	9.342234E+2	1.019000E+3
1.327120E+0	9.342352E+2	9.290000E+2
1.327103E+0	9.342471E+2	8.860000E+2
1.327086E+0	9.342589E+2	8.340000E+2
1.327069E+0	9.342707E+2	8.510000E+2
1.327052E+0	9.342826E+2	8.580000E+2
1.327036E+0	9.342944E+2	8.690000E+2
1.327019E+0	9.343062E+2	8.700000E+2
1.327002E+0	9.343180E+2	8.490000E+2
1.326985E+0	9.343299E+2	8.270000E+2
1.326968E+0	9.343417E+2	8.060000E+2
1.326952E+0	9.343535E+2	8.140000E+2
1.326935E+0	9.343654E+2	8.560000E+2
1.326918E+0	9.343772E+2	9.140000E+2
1.326901E+0	9.343890E+2	8.580000E+2
1.326884E+0	9.344009E+2	7.880000E+2
1.326868E+0	9.344127E+2	7.950000E+2
1.326851E+0	9.344245E+2	7.590000E+2
1.326834E+0	9.344364E+2	7.690000E+2
1.326817E+0	9.344482E+2	7.570000E+2
1.326800E+0	9.344600E+2	8.120000E+2
1.326784E+0	9.344719E+2	8.260000E+2
1.326767E+0	9.344837E+2	8.100000E+2
1.326750E+0	9.344955E+2	8.450000E+2
1.326733E+0	9.345074E+2	8.200000E+2
1.326716E+0	9.345192E+2	8.070000E+2
1.326700E+0	9.345310E+2	8.470000E+2
1.326683E+0	9.345429E+2	9.090000E+2
1.326666E+0	9.345547E+2	9.210000E+2
1.326649E+0	9.345665E+2	9.000000E+2
1.326632E+0	9.345784E+2	8.520000E+2
1.326616E+0	9.345902E+2	8.910000E+2
1.326599E+0	9.346020E+2	8.800000E+2
1.326582E+0	9.346139E+2	9.350000E+2
1.326565E+0	9.346257E+2	9.940000E+2
1.326548E+0	9.346375E+2	1.073000E+3
1.326532E+0	9.346494E+2	1.110000E+3
1.326515E+0	9.346612E+2	1.049000E+3
1.326498E+0	9.346730E+2	1.041000E+3
1.326481E+0	9.346849E+2	1.048000E+3
1.326464E+0	9.346967E+2	1.089000E+3
1.326448E+0	9.347085E+2	1.170000E+3
1.326431E+0	9.347204E+2	1.221000E+3
1.326414E+0	9.347322E+2	1.246000E+3
1.326397E+0	9.347440E+2	1.203000E+3
1.326380E+0	9.347559E+2	1.182000E+3
1.326364E+0	9.347677E+2	1.131000E+3
1.326347E+0	9.347795E+2	1.294000E+3
1.326330E+0	9.347914E+2	1.519000E+3
1.326313E+0	9.348032E+2	1.688000E+3
1.326296E+0	9.348150E+2	1.706000E+3
1.326280E+0	9.348269E+2	1.587000E+3
1.326263E+0	9.348387E+2	1.420000E+3
1.326246E+0	9.348505E+2	1.378000E+3
1.326229E+0	9.348624E+2	1.504000E+3
1.326213E+0	9.348742E+2	1.614000E+3
1.326196E+0	9.348860E+2	1.895000E+3
1.326179E+0	9.348979E+2	2.017000E+3
1.326162E+0	9.349097E+2	2.210000E+3
1.326145E+0	9.349215E+2	2.663000E+3
1.326129E+0	9.349334E+2	3.758000E+3
1.326112E+0	9.349452E+2	9.713000E+3
1.326095E+0	9.349570E+2	3.429400E+4
1.326078E+0	9.349689E+2	3.218500E+4
1.326061E+0	9.349807E+2	1.055900E+4
1.326045E+0	9.349925E+2	4.514000E+3
1.326028E+0	9.350044E+2	2.931000E+3
1.326011E+0	9.350162E+2	2.340000E+3
1.325994E+0	9.350280E+2	2.241000E+3
1.325978E+0	9.350399E+2	2.440000E+3
1.325961E+0	9.350517E+2	3.051000E+3
1.325944E+0	9.350635E+2	3.622000E+3
1.325927E+0	9.350754E+2	3.397000E+3
1.325910E+0	9.350872E+2	2.606000E+3
1.325894E+0	9.350990E+2	2.037000E+3
1.325877E+0	9.351109E+2	1.834000E+3
1.325860E+0	9.351227E+2	1.793000E+3
1.325843E+0	9.351345E+2	1.832000E+3
1.325827E+0	9.351464E+2	1.804000E+3
1.325810E+0	9.351582E+2	1.630000E+3
1.325793E+0	9.351700E+2	1.366000E+3
1.325776E+0	9.351819E+2	1.222000E+3
1.325759E+0	9.351937E+2	1.220000E+3
1.325743E+0	9.352055E+2	1.296000E+3
1.325726E+0	9.352174E+2	1.561000E+3
1.325709E+0	9.352292E+2	1.674000E+3
1.325692E+0	9.352410E+2	1.543000E+3
1.325676E+0	9.352529E+2	1.425000E+3
1.325659E+0	9.352647E+2	1.179000E+3
1.325642E+0	9.352765E+2	1.140000E+3
1.325625E+0	9.352884E+2	1.139000E+3
1.325609E+0	9.353002E+2	1.149000E+3
1.325592E+0	9.353120E+2	1.184000E+3
1.325575E+0	9.353239E+2	1.105000E+3
1.325558E+0	9.353357E+2	9.860000E+2
1.325541E+0	9.353475E+2	9.420000E+2
1.325525E+0	9.353594E+2	9.380000E+2
1.325508E+0	9.353712E+2	9.550000E+2
1.325491E+0	9.353830E+2	1.074000E+3
1.325474E+0	9.353949E+2	1.107000E+3
1.325458E+0	9.354067E+2	1.139000E+3
1.325441E+0	9.354185E+2	1.055000E+3
1.325424E+0	9.354304E+2	9.550000E+2
1.325407E+0	9.354422E+2	8.790000E+2
1.325391E+0	9.354540E+2	9.200000E+2
1.325374E+0	9.354659E+2	8.500000E+2
1.325357E+0	9.354777E+2	9.950000E+2
1.325340E+0	9.354895E+2	9.340000E+2
1.325323E+0	9.355014E+2	9.100000E+2
1.325307E+0	9.355132E+2	8.800000E+2
1.325290E+0	9.355250E+2	8.500000E+2
1.325273E+0	9.355368E+2	9.200000E+2
1.325256E+0	9.355487E+2	9.160000E+2
1.325240E+0	9.355605E+2	1.054000E+3
1.325223E+0	9.355723E+2	1.105000E+3
1.325206E+0	9.355842E+2	1.041000E+3
1.325189E+0	9.355960E+2	9.110000E+2
1.325173E+0	9.356078E+2	9.080000E+2
1.325156E+0	9.356197E+2	8.590000E+2
1.325139E+0	9.356315E+2	9.250000E+2
1.325122E+0	9.356433E+2	1.036000E+3
1.325106E+0	9.356552E+2	1.068000E+3
1.325089E+0	9.356670E+2	1.077000E+3
1.325072E+0	9.356788E+2	1.036000E+3
1.325055E+0	9.356907E+2	1.009000E+3
1.325039E+0	9.357025E+2	9.580000E+2
1.325022E+0	9.357143E+2	1.069000E+3
1.325005E+0	9.357262E+2	1.250000E+3
1.324988E+0	9.357380E+2	1.255000E+3
1.324972E+0	9.357498E+2	1.229000E+3
1.324955E+0	9.357617E+2	1.098000E+3
1.324938E+0	9.357735E+2	9.910000E+2
1.324921E+0	9.357853E+2	1.088000E+3
1.324905E+0	9.357972E+2	1.189000E+3
1.324888E+0	9.358090E+2	1.332000E+3
1.324871E+0	9.358208E+2	1.466000E+3
1.324854E+0	9.358327E+2	1.529000E+3
1.324838E+0	9.358445E+2	1.477000E+3
1.324821E+0	9.358563E+2	1.406000E+3
1.324804E+0	9.358682E+2	1.368000E+3
1.324787E+0	9.358800E+2	1.494000E+3
1.324771E+0	9.358918E+2	1.625000E+3
1.324754E+0	9.359037E+2	1.809000E+3
1.324737E+0	9.359155E+2	1.707000E+3
1.324720E+0	9.359273E+2	1.488000E+3
1.324704E+0	9.359392E+2	1.335000E+3
1.324687E+0	9.359510E+2	1.367000E+3
1.324670E+0	9.359628E+2	1.474000E+3
1.324653E+0	9.359747E+2	1.795000E+3
1.324637E+0	9.359865E+2	2.046000E+3
1.324620E+0	9.359983E+2	2.046000E+3
1.324603E+0	9.360102E+2	1.879000E+3
1.324586E+0	9.360220E+2	1.691000E+3
1.324570E+0	9.360338E+2	1.527000E+3
1.324553E+0	9.360457E+2	1.521000E+3
1.324536E+0	9.360575E+2	1.632000E+3
1.324519E+0	9.360693E+2	1.742000E+3
1.324503E+0	9.360812E+2	1.909000E+3
1.324486E+0	9.360930E+2	1.899000E+3
1.324469E+0	9.361048E+2	1.748000E+3
1.324452E+0	9.361167E+2	1.728000E+3
1.324436E+0	9.361285E+2	2.155000E+3
1.324419E+0	9.361403E+2	2.532000E+3
1.324402E+0	9.361522E+2	3.145000E+3
1.324385E+0	9.361640E+2	3.107000E+3
1.324369E+0	9.361758E+2	2.513000E+3
1.324352E+0	9.361877E+2	2.246000E+3
1.324335E+0	9.361995E+2	2.183000E+3
1.324318E+0	9.362113E+2	2.046000E+3
1.324302E+0	9.362232E+2	2.092000E+3
1.324285E+0	9.362350E+2	2.149000E+3
1.324268E+0	9.362468E+2	2.633000E+3
1.324251E+0	9.362587E+2	3.249000E+3
1.324235E+0	9.362705E+2	3.088000E+3
1.324218E+0	9.362823E+2	2.395000E+3
1.324201E+0	9.362942E+2	2.283000E+3
1.324185E+0	9.363060E+2	2.266000E+3
1.324168E+0	9.363178E+2	2.222000E+3
1.324151E+0	9.363297E+2	2.052000E+3
1.324134E+0	9.363415E+2	1.820000E+3
1.324118E+0	9.363533E+2	1.494000E+3
1.324101E+0	9.363652E+2	1.373000E+3
1.324084E+0	9.363770E+2	1.181000E+3
1.324067E+0	9.363888E+2	1.172000E+3
1.324051E+0	9.364007E+2	1.095000E+3
1.324034E+0	9.364125E+2	1.164000E+3
1.324017E+0	9.364243E+2	1.131000E+3
1.324000E+0	9.364362E+2	1.052000E+3
1.323984E+0	9.364480E+2	9.850000E+2
1.323967E+0	9.364598E+2	8.970000E+2
1.323950E+0	9.364717E+2	9.280000E+2
1.323934E+0	9.364835E+2	9.060000E+2
1.323917E+0	9.364953E+2	9.750000E+2
1.323900E+0	9.365072E+2	8.730000E+2
1.323883E+0	9.365190E+2	8.760000E+2
1.323867E+0	9.365308E+2	8.110000E+2
1.323850E+0	9.365427E+2	7.960000E+2
1.323833E+0	9.365545E+2	7.920000E+2
1.323816E+0	9.365663E+2	8.070000E+2
1.323800E+0	9.365782E+2	8.510000E+2
1.323783E+0	9.365900E+2	8.800000E+2
1.323766E+0	9.366018E+2	8.490000E+2
1.323750E+0	9.366137E+2	8.060000E+2
1.323733E+0	9.366255E+2	8.060000E+2
1.323716E+0	9.366373E+2	8.070000E+2
1.323699E+0	9.366492E+2	8.320000E+2
1.323683E+0	9.366610E+2	8.560000E+2
1.323666E+0	9.366728E+2	8.840000E+2
1.323649E+0	9.366846E+2	8.330000E+2
1.323632E+0	9.366965E+2	9.050000E+2
1.323616E+0	9.367083E+2	8.250000E+2
1.323599E+0	9.367201E+2	8.430000E+2
1.323582E+0	9.367320E+2	9.200000E+2
1.323566E+0	9.367438E+2	1.064000E+3
1.323549E+0	9.367556E+2	1.158000E+3
1.323532E+0	9.367675E+2	1.185000E+3
1.323515E+0	9.367793E+2	9.890000E+2
1.323499E+0	9.367911E+2	9.610000E+2
1.323482E+0	9.368030E+2	1.013000E+3
1.323465E+0	9.368148E+2	1.021000E+3
1.323449E+0	9.368266E+2	1.175000E+3
1.323432E+0	9.368385E+2	1.257000E+3
1.323415E+0	9.368503E+2	1.309000E+3
1.323398E+0	9.368621E+2	1.319000E+3
1.323382E+0	9.368740E+2	1.189000E+3
1.323365E+0	9.368858E+2	1.113000E+3
1.323348E+0	9.368976E+2	1.143000E+3
1.323332E+0	9.369095E+2	1.236000E+3
1.323315E+0	9.369213E+2	1.477000E+3
1.323298E+0	9.369331E+2	1.485000E+3
1.323281E+0	9.369450E+2	1.508000E+3
1.323265E+0	9.369568E+2	1.412000E+3
1.323248E+0	9.369686E+2	1.316000E+3
1.323231E+0	9.369805E+2	1.411000E+3
1.323215E+0	9.369923E+2	1.549000E+3
1.323198E+0	9.370041E+2	1.704000E+3
1.323181E+0	9.370160E+2	1.948000E+3
1.323164E+0	9.370278E+2	1.839000E+3
1.323148E+0	9.370396E+2	1.603000E+3
1.323131E+0	9.370515E+2	1.483000E+3
1.323114E+0	9.370633E+2	1.466000E+3
1.323098E+0	9.370751E+2	1.577000E+3
1.323081E+0	9.370870E+2	1.835000E+3
1.323064E+0	9.370988E+2	2.051000E+3
1.323048E+0	9.371106E+2	2.064000E+3
1.323031E+0	9.371225E+2	1.861000E+3
1.323014E+0	9.371343E+2	1.787000E+3
1.322997E+0	9.371461E+2	1.804000E+3
1.322981E+0	9.371580E+2	2.045000E+3
1.322964E+0	9.371698E+2	2.198000E+3
1.322947E+0	9.371816E+2	2.213000E+3
1.322931E+0	9.371935E+2	2.095000E+3
1.322914E+0	9.372053E+2	1.816000E+3
1.322897E+0	9.372171E+2	1.599000E+3
1.322880E+0	9.372290E+2	1.580000E+3
1.322864E+0	9.372408E+2	1.776000E+3
1.322847E+0	9.372526E+2	1.922000E+3
1.322830E+0	9.372645E+2	2.153000E+3
1.322814E+0	9.372763E+2	2.283000E+3
1.322797E+0	9.372881E+2	2.179000E+3
1.322780E+0	9.373000E+2	2.061000E+3
1.322764E+0	9.373118E+2	2.151000E+3
1.322747E+0	9.373236E+2	2.621000E+3
1.322730E+0	9.373355E+2	4.579000E+3
1.322713E+0	9.373473E+2	2.633200E+4
1.322697E+0	9.373591E+2	6.553500E+4
1.322680E+0	9.373710E+2	2.332700E+4
1.322663E+0	9.373828E+2	5.118000E+3
1.322647E+0	9.373946E+2	2.576000E+3
1.322630E+0	9.374065E+2	2.012000E+3
1.322613E+0	9.374183E+2	1.962000E+3
1.322597E+0	9.374301E+2	2.095000E+3
1.322580E+0	9.374420E+2	2.211000E+3
1.322563E+0	9.374538E+2	2.114000E+3
1.322547E+0	9.374656E+2	1.842000E+3
1.322530E+0	9.374775E+2	1.560000E+3
1.322513E+0	9.374893E+2	1.514000E+3
1.322496E+0	9.375011E+2	1.553000E+3
1.322480E+0	9.375130E+2	1.540000E+3
1.322463E+0	9.375248E+2	1.587000E+3
1.322446E+0	9.375366E+2	1.325000E+3
1.322430E+0	9.375485E+2	1.202000E+3
1.322413E+0	9.375603E+2	1.205000E+3
1.322396E+0	9.375721E+2	1.233000E+3
1.322380E+0	9.375840E+2	1.332000E+3
1.322363E+0	9.375958E+2	1.397000E+3
1.322346E+0	9.376076E+2	1.485000E+3
1.322330E+0	9.376195E+2	1.520000E+3
1.322313E+0	9.376313E+2	1.298000E+3
1.322296E+0	9.376431E+2	1.222000E+3
1.322279E+0	9.376550E+2	1.105000E+3
1.322263E+0	9.376668E+2	1.050000E+3
1.322246E+0	9.376786E+2	1.111000E+3
1.322229E+0	9.376905E+2	1.120000E+3
1.322213E+0	9.377023E+2	1.134000E+3
1.322196E+0	9.377141E+2	1.099000E+3
1.322179E+0	9.377260E+2	1.016000E+3
1.322163E+0	9.377378E+2	1.012000E+3
1.322146E+0	9.377496E+2	1.004000E+3
1.322129E+0	9.377615E+2	1.026000E+3
1.322113E+0	9.377733E+2	1.175000E+3
1.322096E+0	9.377851E+2	1.222000E+3
1.322079E+0	9.377970E+2	1.132000E+3
1.322063E+0	9.378088E+2	1.022000E+3
1.322046E+0	9.378206E+2	9.410000E+2
1.322029E+0	9.378325E+2	9.490000E+2
1.322013E+0	9.378443E+2	9.330000E+2
1.321996E+0	9.378561E+2	1.065000E+3
1.321979E+0	9.378679E+2	1.105000E+3
1.321962E+0	9.378798E+2	1.132000E+3
1.321946E+0	9.378916E+2	1.080000E+3
1.321929E+0	9.379034E+2	1.046000E+3
1.321912E+0	9.379153E+2	1.083000E+3
1.321896E+0	9.379271E+2	1.167000E+3
1.321879E+0	9.379389E+2	1.296000E+3
1.321862E+0	9.379508E+2	1.386000E+3
1.321846E+0	9.379626E+2	1.390000E+3
1.321829E+0	9.379744E+2	1.243000E+3
1.321812E+0	9.379863E+2	1.202000E+3
1.321796E+0	9.379981E+2	1.173000E+3
1.321779E+0	9.380099E+2	1.265000E+3
1.321762E+0	9.380218E+2	1.368000E+3
1.321746E+0	9.380336E+2	1.535000E+3
1.321729E+0	9.380454E+2	1.756000E+3
1.321712E+0	9.380573E+2	1.624000E+3
1.321696E+0	9.380691E+2	1.583000E+3
1.321679E+0	9.380809E+2	1.559000E+3
1.321662E+0	9.380928E+2	1.579000E+3
1.321646E+0	9.381046E+2	1.715000E+3
1.321629E+0	9.381164E+2	1.969000E+3
1.321612E+0	9.381283E+2	2.109000E+3
1.321596E+0	9.381401E+2	2.078000E+3
1.321579E+0	9.381519E+2	2.083000E+3
1.321562E+0	9.381638E+2	2.017000E+3
1.321546E+0	9.381756E+2	2.005000E+3
1.321529E+0	9.381874E+2	1.969000E+3
1.321512E+0	9.381993E+2	2.078000E+3
1.321496E+0	9.382111E+2	2.191000E+3
1.321479E+0	9.382229E+2	2.174000E+3
1.321462E+0	9.382348E+2	1.973000E+3
1.321446E+0	9.382466E+2	1.779000E+3
1.321429E+0	9.382584E+2	1.641000E+3
1.321412E+0	9.382703E+2	1.649000E+3
1.321396E+0	9.382821E+2	1.762000E+3
1.321379E+0	9.382939E+2	1.855000E+3
1.321362E+0	9.383058E+2	1.719000E+3
1.321346E+0	9.383176E+2	1.555000E+3
1.321329E+0	9.383294E+2	1.458000E+3
1.321312E+0	9.383413E+2	1.347000E+3
1.321296E+0	9.383531E+2	1.434000E+3
1.321279E+0	9.383649E+2	1.487000E+3
1.321262E+0	9.383768E+2	1.656000E+3
1.321246E+0	9.383886E+2	1.668000E+3
1.321229E+0	9.384004E+2	1.603000E+3
1.321212E+0	9.384123E+2	1.384000E+3
1.321196E+0	9.384241E+2	1.240000E+3
1.321179E+0	9.384359E+2	1.190000E+3
1.321162E+0	9.384478E+2	1.206000E+3
1.321146E+0	9.384596E+2	1.315000E+3
1.321129E+0	9.384714E+2	1.290000E+3
1.321112E+0	9.384833E+2	1.270000E+3
1.321096E+0	9.384951E+2	1.280000E+3
1.321079E+0	9.385069E+2	1.174000E+3
1.321062E+0	9.385188E+2	1.155000E+3
1.321046E+0	9.385306E+2	1.220000E+3
1.321029E+0	9.385424E+2	1.316000E+3
1.321012E+0	9.385543E+2	1.378000E+3
1.320996E+0	9.385661E+2	1.354000E+3
1.320979E+0	9.385779E+2	1.179000E+3
1.320963E+0	9.385898E+2	1.086000E+3
1.320946E+0	9.386016E+2	1.097000E+3
1.320929E+0	9.386134E+2	1.082000E+3
1.320913E+0	9.386253E+2	1.209000E+3
1.320896E+0	9.386371E+2	1.317000E+3
1.320879E+0	9.386489E+2	1.394000E+3
1.320863E+0	9.386608E+2	1.351000E+3
1.320846E+0	9.386726E+2	1.251000E+3
1.320829E+0	9.386844E+2	1.212000E+3
1.320813E+0	9.386963E+2	1.228000E+3
1.320796E+0	9.387081E+2	1.350000E+3
1.320779E+0	9.387199E+2	1.422000E+3
1.320763E+0	9.387318E+2	1.469000E+3
1.320746E+0	9.387436E+2	1.389000E+3
1.320729E+0	9.387554E+2	1.254000E+3
1.320713E+0	9.387673E+2	1.129000E+3
1.320696E+0	9.387791E+2	1.153000E+3
1.320679E+0	9.387909E+2	1.184000E+3
1.320663E+0	9.388028E+2	1.276000E+3
1.320646E+0	9.388146E+2	1.361000E+3
1.320630E+0	9.388264E+2	1.368000E+3
1.320613E+0	9.388383E+2	1.211000E+3
1.320596E+0	9.388501E+2	1.136000E+3
1.320580E+0	9.388619E+2	1.057000E+3
1.320563E+0	9.388738E+2	1.092000E+3
1.320546E+0	9.388856E+2	1.145000E+3
1.320530E+0	9.388974E+2	1.212000E+3
1.320513E+0	9.389093E+2	1.239000E+3
1.320496E+0	9.389211E+2	1.142000E+3
1.320480E+0	9.389329E+2	1.009000E+3
1.320463E+0	9.389448E+2	9.860000E+2
1.320446E+0	9.389566E+2	1.001000E+3
1.320430E+0	9.389684E+2	1.052000E+3
1.320413E+0	9.389803E+2	1.166000E+3
1.320397E+0	9.389921E+2	1.237000E+3
1.320380E+0	9.390039E+2	1.096000E+3
1.320363E+0	9.390158E+2	1.062000E+3
1.320347E+0	9.390276E+2	1.048000E+3
1.320330E+0	9.390394E+2	1.050000E+3
1.320313E+0	9.390512E+2	1.058000E+3
1.320297E+0	9.390631E+2	1.203000E+3
1.320280E+0	9.390749E+2	1.283000E+3
1.320263E+0	9.390867E+2	1.240000E+3
1.320247E+0	9.390986E+2	1.150000E+3
1.320230E+0	9.391104E+2	1.062000E+3
1.320214E+0	9.391222E+2	1.044000E+3
1.320197E+0	9.391341E+2	1.150000E+3
1.320180E+0	9.391459E+2	1.272000E+3
1.320164E+0	9.391577E+2	1.382000E+3
1.320147E+0	9.391696E+2	1.454000E+3
1.320130E+0	9.391814E+2	1.285000E+3
1.320114E+0	9.391932E+2	1.292000E+3
1.320097E+0	9.392051E+2	1.273000E+3
1.320080E+0	9.392169E+2	1.315000E+3
1.320064E+0	9.392287E+2	1.574000E+3
1.320047E+0	9.392406E+2	1.704000E+3
1.320031E+0	9.392524E+2	1.809000E+3
1.320014E+0	9.392642E+2	1.718000E+3
1.319997E+0	9.392761E+2	1.523000E+3
1.319981E+0	9.392879E+2	1.473000E+3
1.319964E+0	9.392997E+2	1.485000E+3
1.319947E+0	9.393116E+2	1.756000E+3
1.319931E+0	9.393234E+2	2.038000E+3
1.319914E+0	9.393352E+2	2.319000E+3
1.319898E+0	9.393471E+2	2.218000E+3
1.319881E+0	9.393589E+2	1.987000E+3
1.319864E+0	9.393707E+2	1.875000E+3
1.319848E+0	9.393826E+2	1.923000E+3
1.319831E+0	9.393944E+2	2.098000E+3
1.319814E+0	9.394062E+2	2.447000E+3
1.319798E+0	9.394181E+2	2.739000E+3
1.319781E+0	9.394299E+2	2.639000E+3
1.319765E+0	9.394417E+2	2.286000E+3
1.319748E+0	9.394536E+2	2.052000E+3
1.319731E+0	9.394654E+2	2.090000E+3
1.319715E+0	9.394772E+2	2.165000E+3
1.319698E+0	9.394891E+2	2.516000E+3
1.319681E+0	9.395009E+2	2.977000E+3
1.319665E+0	9.395127E+2	3.165000E+3
1.319648E+0	9.395246E+2	2.841000E+3
1.319632E+0	9.395364E+2	2.544000E+3
1.319615E+0	9.395482E+2	2.381000E+3
1.319598E+0	9.395601E+2	2.311000E+3
1.319582E+0	9.395719E+2	2.617000E+3
1.319565E+0	9.395837E+2	2.988000E+3
1.319548E+0	9.395956E+2	3.073000E+3
1.319532E+0	9.396074E+2	2.869000E+3
1.319515E+0	9.396192E+2	2.418000E+3
1.319499E+0	9.396311E+2	2.205000E+3
1.319482E+0	9.396429E+2	2.126000E+3
1.319465E+0	9.396547E+2	2.399000E+3
1.319449E+0	9.396666E+2	2.832000E+3
1.319432E+0	9.396784E+2	3.123000E+3
1.319416E+0	9.396902E+2	3.033000E+3
1.319399E+0	9.397021E+2	2.661000E+3
1.319382E+0	9.397139E+2	2.201000E+3
1.319366E+0	9.397257E+2	1.998000E+3
1.319349E+0	9.397376E+2	2.018000E+3
1.319332E+0	9.397494E+2	2.317000E+3
1.319316E+0	9.397612E+2	2.435000E+3
1.319299E+0	9.397731E+2	2.444000E+3
1.319283E+0	9.397849E+2	2.128000E+3
1.319266E+0	9.397967E+2	1.902000E+3
1.319249E+0	9.398086E+2	1.822000E+3
1.319233E+0	9.398204E+2	1.788000E+3
1.319216E+0	9.398322E+2	2.143000E+3
1.319200E+0	9.398441E+2	2.429000E+3
1.319183E+0	9.398559E+2	2.472000E+3
1.319166E+0	9.398677E+2	2.179000E+3
1.319150E+0	9.398796E+2	1.805000E+3
1.319133E+0	9.398914E+2	1.635000E+3
1.319117E+0	9.399032E+2	1.523000E+3
1.319100E+0	9.399151E+2	1.611000E+3
1.319083E+0	9.399269E+2	1.758000E+3
1.319067E+0	9.399387E+2	1.847000E+3
1.319050E+0	9.399506E+2	1.777000E+3
1.319034E+0	9.399624E+2	1.565000E+3
1.319017E+0	9.399742E+2	1.387000E+3
1.319000E+0	9.399861E+2	1.411000E+3
1.318984E+0	9.399979E+2	1.412000E+3
1.318967E+0	9.400097E+2	1.544000E+3
1.318950E+0	9.400216E+2	1.695000E+3
1.318934E+0	9.400334E+2	1.651000E+3
1.318917E+0	9.400452E+2	1.462000E+3
1.318901E+0	9.400571E+2	1.234000E+3
1.318884E+0	9.400689E+2	1.147000E+3
1.318867E+0	9.400807E+2	1.078000E+3
1.318851E+0	9.400926E+2	1.177000E+3
1.318834E+0	9.401044E+2	1.239000E+3
1.318818E+0	9.401162E+2	1.354000E+3
1.318801E+0	9.401281E+2	1.275000E+3
1.318784E+0	9.401399E+2	1.143000E+3
1.318768E+0	9.401517E+2	1.120000E+3
1.318751E+0	9.401636E+2	1.093000E+3
1.318735E+0	9.401754E+2	1.150000E+3
1.318718E+0	9.401872E+2	1.272000E+3
1.318702E+0	9.401991E+2	1.272000E+3
1.318685E+0	9.402109E+2	1.196000E+3
1.318668E+0	9.402227E+2	1.107000E+3
1.318652E+0	9.402346E+2	9.920000E+2
1.318635E+0	9.402464E+2	9.950000E+2
1.318619E+0	9.402582E+2	1.023000E+3
1.318602E+0	9.402700E+2	1.164000E+3
1.318585E+0	9.402819E+2	1.184000E+3
1.318569E+0	9.402937E+2	1.263000E+3
1.318552E+0	9.403055E+2	1.207000E+3
1.318536E+0	9.403174E+2	1.083000E+3
1.318519E+0	9.403292E+2	1.112000E+3
1.318502E+0	9.403410E+2	1.027000E+3
1.318486E+0	9.403529E+2	1.146000E+3
1.318469E+0	9.403647E+2	1.232000E+3
1.318453E+0	9.403765E+2	1.247000E+3
1.318436E+0	9.403884E+2	1.171000E+3
1.318419E+0	9.404002E+2	1.089000E+3
1.318403E+0	9.404120E+2	1.114000E+3
1.318386E+0	9.404239E+2	1.123000E+3
1.318370E+0	9.404357E+2	1.174000E+3
1.318353E+0	9.404475E+2	1.299000E+3
1.318336E+0	9.404594E+2	1.457000E+3
1.318320E+0	9.404712E+2	1.411000E+3
1.318303E+0	9.404830E+2	1.339000E+3
1.318287E+0	9.404949E+2	1.219000E+3
1.318270E+0	9.405067E+2	1.180000E+3
1.318254E+0	9.405185E+2	1.195000E+3
1.318237E+0	9.405304E+2	1.329000E+3
1.318220E+0	9.405422E+2	1.468000E+3
1.318204E+0	9.405540E+2	1.592000E+3
1.318187E+0	9.405659E+2	1.470000E+3
1.318171E+0	9.405777E+2	1.486000E+3
1.318154E+0	9.405895E+2	1.457000E+3
1.318137E+0	9.406014E+2	1.529000E+3
1.318121E+0	9.406132E+2	1.810000E+3
1.318104E+0	9.406250E+2	2.223000E+3
1.318088E+0	9.406369E+2	2.469000E+3
1.318071E+0	9.406487E+2	2.259000E+3
1.318055E+0	9.406605E+2	2.049000E+3
1.318038E+0	9.406724E+2	1.898000E+3
1.318021E+0	9.406842E+2	1.892000E+3
1.318005E+0	9.406960E+2	2.051000E+3
1.317988E+0	9.407079E+2	2.363000E+3
1.317972E+0	9.407197E+2	2.757000E+3
1.317955E+0	9.407315E+2	2.808000E+3
1.317938E+0	9.407434E+2	2.582000E+3
1.317922E+0	9.407552E+2	2.386000E+3
1.317905E+0	9.407670E+2	2.431000E+3
1.317889E+0	9.407789E+2	2.656000E+3
1.317872E+0	9.407907E+2	2.976000E+3
1.317856E+0	9.408025E+2	3.483000E+3
1.317839E+0	9.408144E+2	3.489000E+3
1.317822E+0	9.408262E+2	3.104000E+3
1.317806E+0	9.408380E+2	2.595000E+3
1.317789E+0	9.408499E+2	2.248000E+3
1.317773E+0	9.408617E+2	2.314000E+3
1.317756E+0	9.408735E+2	2.639000E+3
1.317740E+0	9.408854E+2	3.059000E+3
1.317723E+0	9.408972E+2	3.289000E+3
1.317706E+0	9.409090E+2	3.084000E+3
1.317690E+0	9.409209E+2	2.849000E+3
1.317673E+0	9.409327E+2	2.628000E+3
1.317657E+0	9.409445E+2	2.427000E+3
1.317640E+0	9.409564E+2	2.499000E+3
1.317624E+0	9.409682E+2	2.879000E+3
1.317607E+0	9.409800E+2	3.037000E+3
1.317590E+0	9.409919E+2	2.812000E+3
1.317574E+0	9.410037E+2	2.366000E+3
1.317557E+0	9.410155E+2	2.000000E+3
1.317541E+0	9.410274E+2	1.966000E+3
1.317524E+0	9.410392E+2	1.937000E+3
1.317508E+0	9.410510E+2	2.334000E+3
1.317491E+0	9.410629E+2	2.818000E+3
1.317474E+0	9.410747E+2	4.471000E+3
1.317458E+0	9.410865E+2	6.362000E+3
1.317441E+0	9.410984E+2	4.896000E+3
1.317425E+0	9.411102E+2	2.464000E+3
1.317408E+0	9.411220E+2	1.861000E+3
1.317392E+0	9.411339E+2	1.804000E+3
1.317375E+0	9.411457E+2	1.821000E+3
1.317359E+0	9.411575E+2	1.937000E+3
1.317342E+0	9.411694E+2	1.737000E+3
1.317325E+0	9.411812E+2	1.553000E+3
1.317309E+0	9.411930E+2	1.354000E+3
1.317292E+0	9.412049E+2	1.348000E+3
1.317276E+0	9.412167E+2	1.344000E+3
1.317259E+0	9.412285E+2	1.484000E+3
1.317243E+0	9.412404E+2	1.631000E+3
1.317226E+0	9.412522E+2	1.672000E+3
1.317209E+0	9.412640E+2	1.475000E+3
1.317193E+0	9.412759E+2	1.293000E+3
1.317176E+0	9.412877E+2	1.265000E+3
1.317160E+0	9.412995E+2	1.217000E+3
1.317143E+0	9.413114E+2	1.372000E+3
1.317127E+0	9.413232E+2	1.443000E+3
1.317110E+0	9.413350E+2	1.582000E+3
1.317094E+0	9.413469E+2	1.491000E+3
1.317077E+0	9.413587E+2	1.303000E+3
1.317060E+0	9.413705E+2	1.292000E+3
1.317044E+0	9.413824E+2	1.289000E+3
1.317027E+0	9.413942E+2	1.392000E+3
1.317011E+0	9.414060E+2	1.597000E+3
1.316994E+0	9.414178E+2	1.709000E+3
1.316978E+0	9.414297E+2	1.777000E+3
1.316961E+0	9.414415E+2	1.635000E+3
1.316945E+0	9.414533E+2	1.452000E+3
1.316928E+0	9.414652E+2	1.503000E+3
1.316911E+0	9.414770E+2	1.475000E+3
1.316895E+0	9.414888E+2	1.720000E+3
1.316878E+0	9.415007E+2	2.026000E+3
1.316862E+0	9.415125E+2	2.157000E+3
1.316845E+0	9.415243E+2	1.985000E+3
1.316829E+0	9.415362E+2	1.810000E+3
1.316812E+0	9.415480E+2	1.702000E+3
1.316796E+0	9.415598E+2	1.812000E+3
1.316779E+0	9.415717E+2	2.076000E+3
1.316763E+0	9.415835E+2	2.434000E+3
1.316746E+0	9.415953E+2	2.744000E+3
1.316729E+0	9.416072E+2	2.627000E+3
1.316713E+0	9.416190E+2	2.412000E+3
1.316696E+0	9.416308E+2	2.161000E+3
1.316680E+0	9.416427E+2	2.152000E+3
1.316663E+0	9.416545E+2	2.363000E+3
1.316647E+0	9.416663E+2	2.668000E+3
1.316630E+0	9.416782E+2	3.155000E+3
1.316614E+0	9.416900E+2	3.051000E+3
1.316597E+0	9.417018E+2	2.811000E+3
1.316581E+0	9.417137E+2	2.531000E+3
1.316564E+0	9.417255E+2	2.339000E+3
1.316547E+0	9.417373E+2	2.514000E+3
1.316531E+0	9.417492E+2	3.050000E+3
1.316514E+0	9.417610E+2	3.660000E+3
1.316498E+0	9.417728E+2	3.924000E+3
1.316481E+0	9.417847E+2	3.650000E+3
1.316465E+0	9.417965E+2	3.120000E+3
1.316448E+0	9.418083E+2	2.845000E+3
1.316432E+0	9.418202E+2	2.840000E+3
1.316415E+0	9.418320E+2	3.149000E+3
1.316399E+0	9.418438E+2	3.738000E+3
1.316382E+0	9.418557E+2	4.301000E+3
1.316366E+0	9.418675E+2	4.114000E+3
1.316349E+0	9.418793E+2	3.654000E+3
1.316332E+0	9.418912E+2	3.200000E+3
1.316316E+0	9.419030E+2	3.022000E+3
1.316299E+0	9.419148E+2	3.436000E+3
1.316283E+0	9.419267E+2	4.007000E+3
1.316266E+0	9.419385E+2	4.668000E+3
1.316250E+0	9.419503E+2	4.920000E+3
1.316233E+0	9.419622E+2	4.260000E+3
1.316217E+0	9.419740E+2	3.621000E+3
1.316200E+0	9.419858E+2	3.058000E+3
1.316184E+0	9.419977E+2	3.094000E+3
1.316167E+0	9.420095E+2	3.436000E+3
1.316151E+0	9.420213E+2	3.979000E+3
1.316134E+0	9.420332E+2	4.451000E+3
1.316117E+0	9.420450E+2	4.088000E+3
1.316101E+0	9.420568E+2	3.458000E+3
1.316084E+0	9.420687E+2	2.997000E+3
