tau (s) g^2(tau) - HBT Measurement
tau (s) - none Fit g^2(tau) - none Fit
0.0000000000000 23.0000000000000 NaN NaN
0.0000000001619 39.0000000000000 NaN NaN
0.0000000003238 29.0000000000000 NaN NaN
0.0000000004857 34.0000000000000 NaN NaN
0.0000000006476 39.0000000000000 NaN NaN
0.0000000008096 41.0000000000000 NaN NaN
0.0000000009715 37.0000000000000 NaN NaN
0.0000000011334 36.0000000000000 NaN NaN
0.0000000012953 30.0000000000000 NaN NaN
0.0000000014572 34.0000000000000 NaN NaN
0.0000000016191 31.0000000000000 NaN NaN
0.0000000017810 27.0000000000000 NaN NaN
0.0000000019429 31.0000000000000 NaN NaN
0.0000000021048 36.0000000000000 NaN NaN
0.0000000022667 41.0000000000000 NaN NaN
0.0000000024287 32.0000000000000 NaN NaN
0.0000000025906 43.0000000000000 NaN NaN
0.0000000027525 40.0000000000000 NaN NaN
0.0000000029144 40.0000000000000 NaN NaN
0.0000000030763 44.0000000000000 NaN NaN
0.0000000032382 50.0000000000000 NaN NaN
0.0000000034001 60.0000000000000 NaN NaN
0.0000000035620 36.0000000000000 NaN NaN
0.0000000037239 50.0000000000000 NaN NaN
0.0000000038859 66.0000000000000 NaN NaN
0.0000000040478 60.0000000000000 NaN NaN
0.0000000042097 64.0000000000000 NaN NaN
0.0000000043716 69.0000000000000 NaN NaN
0.0000000045335 72.0000000000000 NaN NaN
0.0000000046954 63.0000000000000 NaN NaN
0.0000000048573 52.0000000000000 NaN NaN
0.0000000050192 54.0000000000000 NaN NaN
0.0000000051811 61.0000000000000 NaN NaN
0.0000000053430 50.0000000000000 NaN NaN
0.0000000055050 53.0000000000000 NaN NaN
0.0000000056669 53.0000000000000 NaN NaN
0.0000000058288 58.0000000000000 NaN NaN
0.0000000059907 66.0000000000000 NaN NaN
0.0000000061526 63.0000000000000 NaN NaN
0.0000000063145 73.0000000000000 NaN NaN
0.0000000064764 80.0000000000000 NaN NaN
0.0000000066383 122.0000000000000 NaN NaN
0.0000000068002 112.0000000000000 NaN NaN
0.0000000069622 113.0000000000000 NaN NaN
0.0000000071241 111.0000000000000 NaN NaN
0.0000000072860 71.0000000000000 NaN NaN
0.0000000074479 78.0000000000000 NaN NaN
0.0000000076098 63.0000000000000 NaN NaN
0.0000000077717 53.0000000000000 NaN NaN
0.0000000079336 49.0000000000000 NaN NaN
0.0000000080955 55.0000000000000 NaN NaN
0.0000000082574 60.0000000000000 NaN NaN
0.0000000084193 51.0000000000000 NaN NaN
0.0000000085813 38.0000000000000 NaN NaN
0.0000000087432 51.0000000000000 NaN NaN
0.0000000089051 62.0000000000000 NaN NaN
0.0000000090670 83.0000000000000 NaN NaN
0.0000000092289 58.0000000000000 NaN NaN
0.0000000093908 78.0000000000000 NaN NaN
0.0000000095527 47.0000000000000 NaN NaN
0.0000000097146 40.0000000000000 NaN NaN
0.0000000098765 36.0000000000000 NaN NaN
0.0000000100385 45.0000000000000 NaN NaN
0.0000000102004 44.0000000000000 NaN NaN
0.0000000103623 35.0000000000000 NaN NaN
0.0000000105242 40.0000000000000 NaN NaN
0.0000000106861 51.0000000000000 NaN NaN
0.0000000108480 30.0000000000000 NaN NaN
0.0000000110099 36.0000000000000 NaN NaN
0.0000000111718 41.0000000000000 NaN NaN
0.0000000113337 27.0000000000000 NaN NaN
0.0000000114956 23.0000000000000 NaN NaN
0.0000000116576 27.0000000000000 NaN NaN
0.0000000118195 32.0000000000000 NaN NaN
0.0000000119814 35.0000000000000 NaN NaN
0.0000000121433 41.0000000000000 NaN NaN
0.0000000123052 25.0000000000000 NaN NaN
0.0000000124671 43.0000000000000 NaN NaN
0.0000000126290 32.0000000000000 NaN NaN
0.0000000127909 41.0000000000000 NaN NaN
0.0000000129528 33.0000000000000 NaN NaN
0.0000000131148 39.0000000000000 NaN NaN
0.0000000132767 35.0000000000000 NaN NaN
0.0000000134386 30.0000000000000 NaN NaN
0.0000000136005 27.0000000000000 NaN NaN
0.0000000137624 25.0000000000000 NaN NaN
0.0000000139243 34.0000000000000 NaN NaN
0.0000000140862 40.0000000000000 NaN NaN
0.0000000142481 24.0000000000000 NaN NaN
0.0000000144100 36.0000000000000 NaN NaN
0.0000000145719 26.0000000000000 NaN NaN
0.0000000147339 29.0000000000000 NaN NaN
0.0000000148958 33.0000000000000 NaN NaN
0.0000000150577 35.0000000000000 NaN NaN
0.0000000152196 32.0000000000000 NaN NaN
0.0000000153815 25.0000000000000 NaN NaN
0.0000000155434 19.0000000000000 NaN NaN
0.0000000157053 34.0000000000000 NaN NaN
0.0000000158672 35.0000000000000 NaN NaN
0.0000000160291 23.0000000000000 NaN NaN
0.0000000161911 36.0000000000000 NaN NaN
0.0000000163530 36.0000000000000 NaN NaN
0.0000000165149 28.0000000000000 NaN NaN
0.0000000166768 35.0000000000000 NaN NaN
0.0000000168387 27.0000000000000 NaN NaN
0.0000000170006 36.0000000000000 NaN NaN
0.0000000171625 25.0000000000000 NaN NaN
0.0000000173244 25.0000000000000 NaN NaN
0.0000000174863 26.0000000000000 NaN NaN
0.0000000176482 30.0000000000000 NaN NaN
0.0000000178102 29.0000000000000 NaN NaN
0.0000000179721 31.0000000000000 NaN NaN
0.0000000181340 31.0000000000000 NaN NaN
0.0000000182959 25.0000000000000 NaN NaN
0.0000000184578 27.0000000000000 NaN NaN
0.0000000186197 39.0000000000000 NaN NaN
0.0000000187816 27.0000000000000 NaN NaN
0.0000000189435 29.0000000000000 NaN NaN
0.0000000191054 35.0000000000000 NaN NaN
0.0000000192674 30.0000000000000 NaN NaN
0.0000000194293 32.0000000000000 NaN NaN
0.0000000195912 31.0000000000000 NaN NaN
0.0000000197531 35.0000000000000 NaN NaN
0.0000000199150 38.0000000000000 NaN NaN
0.0000000200769 18.0000000000000 NaN NaN
0.0000000202388 39.0000000000000 NaN NaN
0.0000000204007 29.0000000000000 NaN NaN
0.0000000205626 41.0000000000000 NaN NaN
0.0000000207245 30.0000000000000 NaN NaN
0.0000000208865 28.0000000000000 NaN NaN
0.0000000210484 31.0000000000000 NaN NaN
0.0000000212103 32.0000000000000 NaN NaN
0.0000000213722 25.0000000000000 NaN NaN
0.0000000215341 36.0000000000000 NaN NaN
0.0000000216960 28.0000000000000 NaN NaN
0.0000000218579 29.0000000000000 NaN NaN
0.0000000220198 25.0000000000000 NaN NaN
0.0000000221817 27.0000000000000 NaN NaN
0.0000000223437 24.0000000000000 NaN NaN
0.0000000225056 30.0000000000000 NaN NaN
0.0000000226675 28.0000000000000 NaN NaN
0.0000000228294 27.0000000000000 NaN NaN
0.0000000229913 31.0000000000000 NaN NaN
0.0000000231532 36.0000000000000 NaN NaN
0.0000000233151 22.0000000000000 NaN NaN
0.0000000234770 35.0000000000000 NaN NaN
0.0000000236389 39.0000000000000 NaN NaN
0.0000000238009 35.0000000000000 NaN NaN
0.0000000239628 24.0000000000000 NaN NaN
0.0000000241247 31.0000000000000 NaN NaN
0.0000000242866 29.0000000000000 NaN NaN
0.0000000244485 20.0000000000000 NaN NaN
0.0000000246104 31.0000000000000 NaN NaN
0.0000000247723 29.0000000000000 NaN NaN
0.0000000249342 29.0000000000000 NaN NaN
0.0000000250961 38.0000000000000 NaN NaN
0.0000000252580 36.0000000000000 NaN NaN
0.0000000254200 29.0000000000000 NaN NaN
0.0000000255819 26.0000000000000 NaN NaN
0.0000000257438 29.0000000000000 NaN NaN
0.0000000259057 36.0000000000000 NaN NaN
0.0000000260676 34.0000000000000 NaN NaN
0.0000000262295 26.0000000000000 NaN NaN
0.0000000263914 21.0000000000000 NaN NaN
0.0000000265533 29.0000000000000 NaN NaN
0.0000000267152 35.0000000000000 NaN NaN
0.0000000268772 28.0000000000000 NaN NaN
0.0000000270391 36.0000000000000 NaN NaN
0.0000000272010 24.0000000000000 NaN NaN
0.0000000273629 29.0000000000000 NaN NaN
0.0000000275248 29.0000000000000 NaN NaN
0.0000000276867 25.0000000000000 NaN NaN
0.0000000278486 33.0000000000000 NaN NaN
0.0000000280105 31.0000000000000 NaN NaN
0.0000000281724 25.0000000000000 NaN NaN
0.0000000283343 31.0000000000000 NaN NaN
0.0000000284963 32.0000000000000 NaN NaN
0.0000000286582 35.0000000000000 NaN NaN
0.0000000288201 33.0000000000000 NaN NaN
0.0000000289820 31.0000000000000 NaN NaN
0.0000000291439 33.0000000000000 NaN NaN
0.0000000293058 26.0000000000000 NaN NaN
0.0000000294677 18.0000000000000 NaN NaN
0.0000000296296 29.0000000000000 NaN NaN
0.0000000297915 31.0000000000000 NaN NaN
0.0000000299535 29.0000000000000 NaN NaN
0.0000000301154 31.0000000000000 NaN NaN
0.0000000302773 37.0000000000000 NaN NaN
0.0000000304392 33.0000000000000 NaN NaN
0.0000000306011 31.0000000000000 NaN NaN
0.0000000307630 29.0000000000000 NaN NaN
0.0000000309249 27.0000000000000 NaN NaN
0.0000000310868 30.0000000000000 NaN NaN
0.0000000312487 27.0000000000000 NaN NaN
0.0000000314106 33.0000000000000 NaN NaN
0.0000000315726 27.0000000000000 NaN NaN
0.0000000317345 23.0000000000000 NaN NaN
0.0000000318964 33.0000000000000 NaN NaN
0.0000000320583 45.0000000000000 NaN NaN
0.0000000322202 34.0000000000000 NaN NaN
0.0000000323821 31.0000000000000 NaN NaN
0.0000000325440 30.0000000000000 NaN NaN
0.0000000327059 28.0000000000000 NaN NaN
0.0000000328678 46.0000000000000 NaN NaN
0.0000000330298 33.0000000000000 NaN NaN
0.0000000331917 34.0000000000000 NaN NaN
0.0000000333536 19.0000000000000 NaN NaN
0.0000000335155 33.0000000000000 NaN NaN
0.0000000336774 24.0000000000000 NaN NaN
0.0000000338393 24.0000000000000 NaN NaN
0.0000000340012 28.0000000000000 NaN NaN
0.0000000341631 36.0000000000000 NaN NaN
0.0000000343250 29.0000000000000 NaN NaN
0.0000000344869 30.0000000000000 NaN NaN
0.0000000346489 35.0000000000000 NaN NaN
0.0000000348108 29.0000000000000 NaN NaN
0.0000000349727 34.0000000000000 NaN NaN
0.0000000351346 35.0000000000000 NaN NaN
0.0000000352965 33.0000000000000 NaN NaN
0.0000000354584 36.0000000000000 NaN NaN
0.0000000356203 24.0000000000000 NaN NaN
0.0000000357822 37.0000000000000 NaN NaN
0.0000000359441 32.0000000000000 NaN NaN
0.0000000361061 26.0000000000000 NaN NaN
0.0000000362680 33.0000000000000 NaN NaN
0.0000000364299 31.0000000000000 NaN NaN
0.0000000365918 19.0000000000000 NaN NaN
0.0000000367537 25.0000000000000 NaN NaN
0.0000000369156 38.0000000000000 NaN NaN
0.0000000370775 28.0000000000000 NaN NaN
0.0000000372394 36.0000000000000 NaN NaN
0.0000000374013 31.0000000000000 NaN NaN
0.0000000375632 32.0000000000000 NaN NaN
0.0000000377252 26.0000000000000 NaN NaN
0.0000000378871 32.0000000000000 NaN NaN
0.0000000380490 27.0000000000000 NaN NaN
0.0000000382109 29.0000000000000 NaN NaN
0.0000000383728 28.0000000000000 NaN NaN
0.0000000385347 36.0000000000000 NaN NaN
0.0000000386966 45.0000000000000 NaN NaN
0.0000000388585 42.0000000000000 NaN NaN
0.0000000390204 36.0000000000000 NaN NaN
0.0000000391824 24.0000000000000 NaN NaN
0.0000000393443 29.0000000000000 NaN NaN
0.0000000395062 27.0000000000000 NaN NaN
0.0000000396681 35.0000000000000 NaN NaN
0.0000000398300 30.0000000000000 NaN NaN
0.0000000399919 35.0000000000000 NaN NaN
0.0000000401538 21.0000000000000 NaN NaN
0.0000000403157 39.0000000000000 NaN NaN
0.0000000404776 32.0000000000000 NaN NaN
0.0000000406395 32.0000000000000 NaN NaN
0.0000000408015 27.0000000000000 NaN NaN
0.0000000409634 26.0000000000000 NaN NaN
0.0000000411253 31.0000000000000 NaN NaN
0.0000000412872 29.0000000000000 NaN NaN
0.0000000414491 25.0000000000000 NaN NaN
0.0000000416110 23.0000000000000 NaN NaN
0.0000000417729 46.0000000000000 NaN NaN
0.0000000419348 22.0000000000000 NaN NaN
0.0000000420967 30.0000000000000 NaN NaN
0.0000000422587 27.0000000000000 NaN NaN
0.0000000424206 24.0000000000000 NaN NaN
0.0000000425825 28.0000000000000 NaN NaN
0.0000000427444 23.0000000000000 NaN NaN
0.0000000429063 36.0000000000000 NaN NaN
0.0000000430682 30.0000000000000 NaN NaN
0.0000000432301 32.0000000000000 NaN NaN
0.0000000433920 33.0000000000000 NaN NaN
0.0000000435539 27.0000000000000 NaN NaN
0.0000000437158 39.0000000000000 NaN NaN
0.0000000438778 42.0000000000000 NaN NaN
0.0000000440397 28.0000000000000 NaN NaN
0.0000000442016 31.0000000000000 NaN NaN
0.0000000443635 32.0000000000000 NaN NaN
0.0000000445254 26.0000000000000 NaN NaN
0.0000000446873 20.0000000000000 NaN NaN
0.0000000448492 19.0000000000000 NaN NaN
0.0000000450111 34.0000000000000 NaN NaN
0.0000000451730 32.0000000000000 NaN NaN
0.0000000453350 32.0000000000000 NaN NaN
0.0000000454969 29.0000000000000 NaN NaN
0.0000000456588 24.0000000000000 NaN NaN
0.0000000458207 29.0000000000000 NaN NaN
0.0000000459826 19.0000000000000 NaN NaN
0.0000000461445 25.0000000000000 NaN NaN
0.0000000463064 30.0000000000000 NaN NaN
0.0000000464683 24.0000000000000 NaN NaN
0.0000000466302 30.0000000000000 NaN NaN
0.0000000467921 23.0000000000000 NaN NaN
0.0000000469541 21.0000000000000 NaN NaN
0.0000000471160 30.0000000000000 NaN NaN
0.0000000472779 21.0000000000000 NaN NaN
0.0000000474398 28.0000000000000 NaN NaN
0.0000000476017 30.0000000000000 NaN NaN
0.0000000477636 32.0000000000000 NaN NaN
0.0000000479255 29.0000000000000 NaN NaN
0.0000000480874 31.0000000000000 NaN NaN
0.0000000482493 28.0000000000000 NaN NaN
0.0000000484113 32.0000000000000 NaN NaN
0.0000000485732 33.0000000000000 NaN NaN
0.0000000487351 26.0000000000000 NaN NaN
0.0000000488970 26.0000000000000 NaN NaN
0.0000000490589 23.0000000000000 NaN NaN
0.0000000492208 28.0000000000000 NaN NaN
0.0000000493827 41.0000000000000 NaN NaN
0.0000000495446 33.0000000000000 NaN NaN
0.0000000497065 26.0000000000000 NaN NaN
0.0000000498684 31.0000000000000 NaN NaN
0.0000000500304 26.0000000000000 NaN NaN
0.0000000501923 26.0000000000000 NaN NaN
0.0000000503542 33.0000000000000 NaN NaN
0.0000000505161 30.0000000000000 NaN NaN
0.0000000506780 35.0000000000000 NaN NaN
0.0000000508399 30.0000000000000 NaN NaN
0.0000000510018 23.0000000000000 NaN NaN
0.0000000511637 33.0000000000000 NaN NaN
0.0000000513256 30.0000000000000 NaN NaN
0.0000000514876 32.0000000000000 NaN NaN
0.0000000516495 26.0000000000000 NaN NaN
0.0000000518114 38.0000000000000 NaN NaN
0.0000000519733 31.0000000000000 NaN NaN
0.0000000521352 34.0000000000000 NaN NaN
0.0000000522971 26.0000000000000 NaN NaN
0.0000000524590 27.0000000000000 NaN NaN
0.0000000526209 42.0000000000000 NaN NaN
0.0000000527828 34.0000000000000 NaN NaN
0.0000000529447 23.0000000000000 NaN NaN
0.0000000531067 35.0000000000000 NaN NaN
0.0000000532686 38.0000000000000 NaN NaN
0.0000000534305 16.0000000000000 NaN NaN
0.0000000535924 28.0000000000000 NaN NaN
0.0000000537543 27.0000000000000 NaN NaN
0.0000000539162 34.0000000000000 NaN NaN
0.0000000540781 35.0000000000000 NaN NaN
0.0000000542400 22.0000000000000 NaN NaN
0.0000000544019 33.0000000000000 NaN NaN
0.0000000545639 40.0000000000000 NaN NaN
0.0000000547258 28.0000000000000 NaN NaN
0.0000000548877 24.0000000000000 NaN NaN
0.0000000550496 36.0000000000000 NaN NaN
0.0000000552115 19.0000000000000 NaN NaN
0.0000000553734 25.0000000000000 NaN NaN
0.0000000555353 27.0000000000000 NaN NaN
0.0000000556972 31.0000000000000 NaN NaN
0.0000000558591 28.0000000000000 NaN NaN
0.0000000560210 27.0000000000000 NaN NaN
0.0000000561830 40.0000000000000 NaN NaN
0.0000000563449 21.0000000000000 NaN NaN
0.0000000565068 28.0000000000000 NaN NaN
0.0000000566687 24.0000000000000 NaN NaN
0.0000000568306 29.0000000000000 NaN NaN
0.0000000569925 34.0000000000000 NaN NaN
0.0000000571544 35.0000000000000 NaN NaN
0.0000000573163 34.0000000000000 NaN NaN
0.0000000574782 28.0000000000000 NaN NaN
0.0000000576402 32.0000000000000 NaN NaN
0.0000000578021 25.0000000000000 NaN NaN
0.0000000579640 31.0000000000000 NaN NaN
0.0000000581259 29.0000000000000 NaN NaN
0.0000000582878 32.0000000000000 NaN NaN
0.0000000584497 32.0000000000000 NaN NaN
0.0000000586116 34.0000000000000 NaN NaN
0.0000000587735 27.0000000000000 NaN NaN
0.0000000589354 31.0000000000000 NaN NaN
0.0000000590973 26.0000000000000 NaN NaN
0.0000000592593 28.0000000000000 NaN NaN
0.0000000594212 26.0000000000000 NaN NaN
0.0000000595831 33.0000000000000 NaN NaN
0.0000000597450 39.0000000000000 NaN NaN
0.0000000599069 39.0000000000000 NaN NaN
0.0000000600688 32.0000000000000 NaN NaN
0.0000000602307 29.0000000000000 NaN NaN
0.0000000603926 27.0000000000000 NaN NaN
0.0000000605545 39.0000000000000 NaN NaN
0.0000000607165 29.0000000000000 NaN NaN
0.0000000608784 24.0000000000000 NaN NaN
0.0000000610403 26.0000000000000 NaN NaN
0.0000000612022 26.0000000000000 NaN NaN
0.0000000613641 24.0000000000000 NaN NaN
0.0000000615260 35.0000000000000 NaN NaN
0.0000000616879 22.0000000000000 NaN NaN
0.0000000618498 33.0000000000000 NaN NaN
0.0000000620117 23.0000000000000 NaN NaN
0.0000000621736 25.0000000000000 NaN NaN
0.0000000623356 41.0000000000000 NaN NaN
0.0000000624975 43.0000000000000 NaN NaN
0.0000000626594 24.0000000000000 NaN NaN
0.0000000628213 44.0000000000000 NaN NaN
0.0000000629832 21.0000000000000 NaN NaN
0.0000000631451 25.0000000000000 NaN NaN
0.0000000633070 29.0000000000000 NaN NaN
0.0000000634689 30.0000000000000 NaN NaN
0.0000000636308 26.0000000000000 NaN NaN
0.0000000637928 37.0000000000000 NaN NaN
0.0000000639547 35.0000000000000 NaN NaN
0.0000000641166 26.0000000000000 NaN NaN
0.0000000642785 32.0000000000000 NaN NaN
0.0000000644404 32.0000000000000 NaN NaN
0.0000000646023 29.0000000000000 NaN NaN
0.0000000647642 37.0000000000000 NaN NaN
0.0000000649261 26.0000000000000 NaN NaN
0.0000000650880 26.0000000000000 NaN NaN
0.0000000652499 32.0000000000000 NaN NaN
0.0000000654119 22.0000000000000 NaN NaN
0.0000000655738 28.0000000000000 NaN NaN
0.0000000657357 24.0000000000000 NaN NaN
0.0000000658976 34.0000000000000 NaN NaN
0.0000000660595 28.0000000000000 NaN NaN
0.0000000662214 32.0000000000000 NaN NaN
0.0000000663833 24.0000000000000 NaN NaN
0.0000000665452 20.0000000000000 NaN NaN
0.0000000667071 26.0000000000000 NaN NaN
0.0000000668691 41.0000000000000 NaN NaN
0.0000000670310 29.0000000000000 NaN NaN
0.0000000671929 33.0000000000000 NaN NaN
0.0000000673548 28.0000000000000 NaN NaN
0.0000000675167 38.0000000000000 NaN NaN
0.0000000676786 33.0000000000000 NaN NaN
0.0000000678405 28.0000000000000 NaN NaN
0.0000000680024 25.0000000000000 NaN NaN
0.0000000681643 27.0000000000000 NaN NaN
0.0000000683262 27.0000000000000 NaN NaN
0.0000000684882 30.0000000000000 NaN NaN
0.0000000686501 32.0000000000000 NaN NaN
0.0000000688120 27.0000000000000 NaN NaN
0.0000000689739 31.0000000000000 NaN NaN
0.0000000691358 31.0000000000000 NaN NaN
0.0000000692977 32.0000000000000 NaN NaN
0.0000000694596 27.0000000000000 NaN NaN
0.0000000696215 34.0000000000000 NaN NaN
0.0000000697834 27.0000000000000 NaN NaN
0.0000000699454 25.0000000000000 NaN NaN
0.0000000701073 31.0000000000000 NaN NaN
0.0000000702692 27.0000000000000 NaN NaN
0.0000000704311 26.0000000000000 NaN NaN
0.0000000705930 19.0000000000000 NaN NaN
0.0000000707549 38.0000000000000 NaN NaN
0.0000000709168 33.0000000000000 NaN NaN
0.0000000710787 32.0000000000000 NaN NaN
0.0000000712406 25.0000000000000 NaN NaN
0.0000000714026 37.0000000000000 NaN NaN
0.0000000715645 33.0000000000000 NaN NaN
0.0000000717264 24.0000000000000 NaN NaN
0.0000000718883 37.0000000000000 NaN NaN
0.0000000720502 25.0000000000000 NaN NaN
0.0000000722121 26.0000000000000 NaN NaN
0.0000000723740 33.0000000000000 NaN NaN
0.0000000725359 27.0000000000000 NaN NaN
0.0000000726978 33.0000000000000 NaN NaN
0.0000000728597 29.0000000000000 NaN NaN
0.0000000730217 26.0000000000000 NaN NaN
0.0000000731836 34.0000000000000 NaN NaN
0.0000000733455 36.0000000000000 NaN NaN
0.0000000735074 25.0000000000000 NaN NaN
0.0000000736693 19.0000000000000 NaN NaN
0.0000000738312 40.0000000000000 NaN NaN
0.0000000739931 35.0000000000000 NaN NaN
0.0000000741550 34.0000000000000 NaN NaN
0.0000000743169 28.0000000000000 NaN NaN
0.0000000744789 31.0000000000000 NaN NaN
0.0000000746408 29.0000000000000 NaN NaN
0.0000000748027 31.0000000000000 NaN NaN
0.0000000749646 25.0000000000000 NaN NaN
0.0000000751265 31.0000000000000 NaN NaN
0.0000000752884 28.0000000000000 NaN NaN
0.0000000754503 37.0000000000000 NaN NaN
0.0000000756122 38.0000000000000 NaN NaN
0.0000000757741 25.0000000000000 NaN NaN
0.0000000759360 33.0000000000000 NaN NaN
0.0000000760980 34.0000000000000 NaN NaN
0.0000000762599 24.0000000000000 NaN NaN
0.0000000764218 24.0000000000000 NaN NaN
0.0000000765837 23.0000000000000 NaN NaN
0.0000000767456 27.0000000000000 NaN NaN
0.0000000769075 28.0000000000000 NaN NaN
0.0000000770694 32.0000000000000 NaN NaN
0.0000000772313 39.0000000000000 NaN NaN
0.0000000773932 27.0000000000000 NaN NaN
0.0000000775552 28.0000000000000 NaN NaN
0.0000000777171 25.0000000000000 NaN NaN
0.0000000778790 25.0000000000000 NaN NaN
0.0000000780409 31.0000000000000 NaN NaN
0.0000000782028 26.0000000000000 NaN NaN
0.0000000783647 28.0000000000000 NaN NaN
0.0000000785266 30.0000000000000 NaN NaN
0.0000000786885 29.0000000000000 NaN NaN
0.0000000788504 30.0000000000000 NaN NaN
0.0000000790123 44.0000000000000 NaN NaN
0.0000000791743 25.0000000000000 NaN NaN
0.0000000793362 34.0000000000000 NaN NaN
0.0000000794981 37.0000000000000 NaN NaN
0.0000000796600 24.0000000000000 NaN NaN
0.0000000798219 28.0000000000000 NaN NaN
0.0000000799838 29.0000000000000 NaN NaN
0.0000000801457 31.0000000000000 NaN NaN
0.0000000803076 32.0000000000000 NaN NaN
0.0000000804695 32.0000000000000 NaN NaN
0.0000000806315 24.0000000000000 NaN NaN
0.0000000807934 30.0000000000000 NaN NaN
0.0000000809553 21.0000000000000 NaN NaN
0.0000000811172 25.0000000000000 NaN NaN
0.0000000812791 27.0000000000000 NaN NaN
0.0000000814410 28.0000000000000 NaN NaN
0.0000000816029 32.0000000000000 NaN NaN
0.0000000817648 30.0000000000000 NaN NaN
0.0000000819267 32.0000000000000 NaN NaN
0.0000000820886 32.0000000000000 NaN NaN
0.0000000822506 23.0000000000000 NaN NaN
0.0000000824125 24.0000000000000 NaN NaN
0.0000000825744 27.0000000000000 NaN NaN
0.0000000827363 29.0000000000000 NaN NaN
0.0000000828982 36.0000000000000 NaN NaN
0.0000000830601 24.0000000000000 NaN NaN
0.0000000832220 30.0000000000000 NaN NaN
0.0000000833839 26.0000000000000 NaN NaN
0.0000000835458 22.0000000000000 NaN NaN
0.0000000837078 30.0000000000000 NaN NaN
0.0000000838697 40.0000000000000 NaN NaN
0.0000000840316 37.0000000000000 NaN NaN
0.0000000841935 26.0000000000000 NaN NaN
0.0000000843554 20.0000000000000 NaN NaN
0.0000000845173 30.0000000000000 NaN NaN
0.0000000846792 32.0000000000000 NaN NaN
0.0000000848411 37.0000000000000 NaN NaN
0.0000000850030 32.0000000000000 NaN NaN
0.0000000851649 31.0000000000000 NaN NaN
0.0000000853269 31.0000000000000 NaN NaN
0.0000000854888 32.0000000000000 NaN NaN
0.0000000856507 36.0000000000000 NaN NaN
0.0000000858126 37.0000000000000 NaN NaN
0.0000000859745 30.0000000000000 NaN NaN
0.0000000861364 29.0000000000000 NaN NaN
0.0000000862983 36.0000000000000 NaN NaN
0.0000000864602 20.0000000000000 NaN NaN
0.0000000866221 26.0000000000000 NaN NaN
0.0000000867841 44.0000000000000 NaN NaN
0.0000000869460 25.0000000000000 NaN NaN
0.0000000871079 30.0000000000000 NaN NaN
0.0000000872698 32.0000000000000 NaN NaN
0.0000000874317 23.0000000000000 NaN NaN
0.0000000875936 29.0000000000000 NaN NaN
0.0000000877555 24.0000000000000 NaN NaN
0.0000000879174 36.0000000000000 NaN NaN
0.0000000880793 35.0000000000000 NaN NaN
0.0000000882412 32.0000000000000 NaN NaN
0.0000000884032 41.0000000000000 NaN NaN
0.0000000885651 33.0000000000000 NaN NaN
0.0000000887270 27.0000000000000 NaN NaN
0.0000000888889 30.0000000000000 NaN NaN
0.0000000890508 39.0000000000000 NaN NaN
0.0000000892127 31.0000000000000 NaN NaN
0.0000000893746 23.0000000000000 NaN NaN
0.0000000895365 34.0000000000000 NaN NaN
0.0000000896984 31.0000000000000 NaN NaN
0.0000000898604 41.0000000000000 NaN NaN
0.0000000900223 25.0000000000000 NaN NaN
0.0000000901842 31.0000000000000 NaN NaN
0.0000000903461 31.0000000000000 NaN NaN
0.0000000905080 24.0000000000000 NaN NaN
0.0000000906699 20.0000000000000 NaN NaN
0.0000000908318 28.0000000000000 NaN NaN
0.0000000909937 33.0000000000000 NaN NaN
0.0000000911556 42.0000000000000 NaN NaN
0.0000000913175 37.0000000000000 NaN NaN
0.0000000914795 28.0000000000000 NaN NaN
0.0000000916414 35.0000000000000 NaN NaN
0.0000000918033 43.0000000000000 NaN NaN
0.0000000919652 31.0000000000000 NaN NaN
0.0000000921271 44.0000000000000 NaN NaN
0.0000000922890 26.0000000000000 NaN NaN
0.0000000924509 34.0000000000000 NaN NaN
0.0000000926128 26.0000000000000 NaN NaN
0.0000000927747 36.0000000000000 NaN NaN
0.0000000929367 27.0000000000000 NaN NaN
0.0000000930986 29.0000000000000 NaN NaN
0.0000000932605 28.0000000000000 NaN NaN
0.0000000934224 26.0000000000000 NaN NaN
0.0000000935843 33.0000000000000 NaN NaN
0.0000000937462 31.0000000000000 NaN NaN
0.0000000939081 34.0000000000000 NaN NaN
0.0000000940700 30.0000000000000 NaN NaN
0.0000000942319 26.0000000000000 NaN NaN
0.0000000943938 37.0000000000000 NaN NaN
0.0000000945558 29.0000000000000 NaN NaN
0.0000000947177 34.0000000000000 NaN NaN
0.0000000948796 29.0000000000000 NaN NaN
0.0000000950415 38.0000000000000 NaN NaN
0.0000000952034 31.0000000000000 NaN NaN
0.0000000953653 27.0000000000000 NaN NaN
0.0000000955272 31.0000000000000 NaN NaN
0.0000000956891 39.0000000000000 NaN NaN
0.0000000958510 37.0000000000000 NaN NaN
0.0000000960130 27.0000000000000 NaN NaN
0.0000000961749 33.0000000000000 NaN NaN
0.0000000963368 28.0000000000000 NaN NaN
0.0000000964987 26.0000000000000 NaN NaN
0.0000000966606 34.0000000000000 NaN NaN
0.0000000968225 28.0000000000000 NaN NaN
0.0000000969844 22.0000000000000 NaN NaN
0.0000000971463 30.0000000000000 NaN NaN
0.0000000973082 30.0000000000000 NaN NaN
0.0000000974701 30.0000000000000 NaN NaN
0.0000000976321 35.0000000000000 NaN NaN
0.0000000977940 25.0000000000000 NaN NaN
0.0000000979559 36.0000000000000 NaN NaN
0.0000000981178 31.0000000000000 NaN NaN
0.0000000982797 31.0000000000000 NaN NaN
0.0000000984416 30.0000000000000 NaN NaN
0.0000000986035 32.0000000000000 NaN NaN
0.0000000987654 26.0000000000000 NaN NaN
0.0000000989273 36.0000000000000 NaN NaN
0.0000000990893 33.0000000000000 NaN NaN
0.0000000992512 36.0000000000000 NaN NaN
0.0000000994131 20.0000000000000 NaN NaN
0.0000000995750 27.0000000000000 NaN NaN
0.0000000997369 41.0000000000000 NaN NaN
0.0000000998988 29.0000000000000 NaN NaN
