1.340045E+0	9.252243E+2	5.650000E+2
1.340028E+0	9.252361E+2	5.970000E+2
1.340010E+0	9.252479E+2	5.610000E+2
1.339993E+0	9.252598E+2	5.910000E+2
1.339976E+0	9.252716E+2	5.830000E+2
1.339959E+0	9.252834E+2	5.490000E+2
1.339942E+0	9.252953E+2	5.750000E+2
1.339925E+0	9.253071E+2	5.720000E+2
1.339908E+0	9.253189E+2	5.790000E+2
1.339890E+0	9.253308E+2	5.860000E+2
1.339873E+0	9.253426E+2	5.800000E+2
1.339856E+0	9.253544E+2	5.590000E+2
1.339839E+0	9.253663E+2	5.790000E+2
1.339822E+0	9.253781E+2	5.540000E+2
1.339805E+0	9.253899E+2	5.700000E+2
1.339788E+0	9.254018E+2	5.580000E+2
1.339771E+0	9.254136E+2	5.710000E+2
1.339753E+0	9.254254E+2	5.650000E+2
1.339736E+0	9.254373E+2	5.660000E+2
1.339719E+0	9.254491E+2	5.500000E+2
1.339702E+0	9.254609E+2	5.670000E+2
1.339685E+0	9.254728E+2	5.840000E+2
1.339668E+0	9.254846E+2	5.810000E+2
1.339651E+0	9.254964E+2	5.350000E+2
1.339634E+0	9.255083E+2	5.560000E+2
1.339616E+0	9.255201E+2	5.990000E+2
1.339599E+0	9.255319E+2	5.580000E+2
1.339582E+0	9.255438E+2	5.930000E+2
1.339565E+0	9.255556E+2	5.540000E+2
1.339548E+0	9.255674E+2	5.870000E+2
1.339531E+0	9.255793E+2	5.830000E+2
1.339514E+0	9.255911E+2	5.320000E+2
1.339497E+0	9.256029E+2	5.740000E+2
1.339479E+0	9.256148E+2	5.700000E+2
1.339462E+0	9.256266E+2	5.290000E+2
1.339445E+0	9.256384E+2	5.980000E+2
1.339428E+0	9.256503E+2	5.390000E+2
1.339411E+0	9.256621E+2	5.820000E+2
1.339394E+0	9.256739E+2	5.640000E+2
1.339377E+0	9.256858E+2	5.430000E+2
1.339360E+0	9.256976E+2	5.700000E+2
1.339342E+0	9.257094E+2	5.740000E+2
1.339325E+0	9.257213E+2	5.700000E+2
1.339308E+0	9.257331E+2	5.510000E+2
1.339291E+0	9.257449E+2	5.800000E+2
1.339274E+0	9.257568E+2	5.850000E+2
1.339257E+0	9.257686E+2	5.510000E+2
1.339240E+0	9.257804E+2	5.770000E+2
1.339223E+0	9.257923E+2	5.610000E+2
1.339205E+0	9.258041E+2	5.540000E+2
1.339188E+0	9.258159E+2	5.700000E+2
1.339171E+0	9.258278E+2	5.700000E+2
1.339154E+0	9.258396E+2	5.330000E+2
1.339137E+0	9.258514E+2	5.740000E+2
1.339120E+0	9.258633E+2	5.980000E+2
1.339103E+0	9.258751E+2	5.360000E+2
1.339086E+0	9.258869E+2	5.860000E+2
1.339069E+0	9.258988E+2	5.670000E+2
1.339051E+0	9.259106E+2	5.430000E+2
1.339034E+0	9.259224E+2	5.630000E+2
1.339017E+0	9.259343E+2	5.420000E+2
1.339000E+0	9.259461E+2	5.630000E+2
1.338983E+0	9.259579E+2	5.650000E+2
1.338966E+0	9.259698E+2	5.650000E+2
1.338949E+0	9.259816E+2	5.490000E+2
1.338932E+0	9.259934E+2	5.580000E+2
1.338915E+0	9.260053E+2	5.500000E+2
1.338897E+0	9.260171E+2	5.300000E+2
1.338880E+0	9.260289E+2	5.790000E+2
1.338863E+0	9.260408E+2	5.580000E+2
1.338846E+0	9.260526E+2	5.410000E+2
1.338829E+0	9.260644E+2	5.690000E+2
1.338812E+0	9.260763E+2	5.490000E+2
1.338795E+0	9.260881E+2	5.590000E+2
1.338778E+0	9.260999E+2	5.720000E+2
1.338761E+0	9.261118E+2	5.460000E+2
1.338743E+0	9.261236E+2	5.690000E+2
1.338726E+0	9.261354E+2	5.670000E+2
1.338709E+0	9.261473E+2	5.420000E+2
1.338692E+0	9.261591E+2	5.860000E+2
1.338675E+0	9.261709E+2	5.720000E+2
1.338658E+0	9.261828E+2	5.560000E+2
1.338641E+0	9.261946E+2	5.520000E+2
1.338624E+0	9.262064E+2	5.640000E+2
1.338607E+0	9.262183E+2	5.760000E+2
1.338590E+0	9.262301E+2	5.610000E+2
1.338572E+0	9.262419E+2	5.520000E+2
1.338555E+0	9.262537E+2	5.690000E+2
1.338538E+0	9.262656E+2	5.480000E+2
1.338521E+0	9.262774E+2	5.640000E+2
1.338504E+0	9.262892E+2	5.820000E+2
1.338487E+0	9.263011E+2	5.530000E+2
1.338470E+0	9.263129E+2	5.480000E+2
1.338453E+0	9.263247E+2	5.500000E+2
1.338436E+0	9.263366E+2	5.380000E+2
1.338419E+0	9.263484E+2	5.900000E+2
1.338401E+0	9.263602E+2	5.420000E+2
1.338384E+0	9.263721E+2	5.520000E+2
1.338367E+0	9.263839E+2	5.610000E+2
1.338350E+0	9.263957E+2	5.530000E+2
1.338333E+0	9.264076E+2	5.660000E+2
1.338316E+0	9.264194E+2	5.390000E+2
1.338299E+0	9.264312E+2	5.660000E+2
1.338282E+0	9.264431E+2	5.470000E+2
1.338265E+0	9.264549E+2	5.630000E+2
1.338248E+0	9.264667E+2	5.730000E+2
1.338231E+0	9.264786E+2	5.890000E+2
1.338213E+0	9.264904E+2	5.760000E+2
1.338196E+0	9.265022E+2	5.410000E+2
1.338179E+0	9.265141E+2	5.550000E+2
1.338162E+0	9.265259E+2	5.600000E+2
1.338145E+0	9.265377E+2	5.470000E+2
1.338128E+0	9.265496E+2	5.790000E+2
1.338111E+0	9.265614E+2	5.450000E+2
1.338094E+0	9.265732E+2	5.770000E+2
1.338077E+0	9.265851E+2	5.600000E+2
1.338060E+0	9.265969E+2	5.850000E+2
1.338043E+0	9.266087E+2	5.620000E+2
1.338025E+0	9.266206E+2	5.960000E+2
1.338008E+0	9.266324E+2	5.530000E+2
1.337991E+0	9.266442E+2	5.590000E+2
1.337974E+0	9.266561E+2	5.530000E+2
1.337957E+0	9.266679E+2	5.930000E+2
1.337940E+0	9.266797E+2	5.550000E+2
1.337923E+0	9.266916E+2	5.980000E+2
1.337906E+0	9.267034E+2	5.690000E+2
1.337889E+0	9.267152E+2	5.210000E+2
1.337872E+0	9.267271E+2	5.820000E+2
1.337855E+0	9.267389E+2	5.690000E+2
1.337838E+0	9.267507E+2	5.560000E+2
1.337820E+0	9.267626E+2	5.740000E+2
1.337803E+0	9.267744E+2	5.360000E+2
1.337786E+0	9.267862E+2	5.720000E+2
1.337769E+0	9.267981E+2	5.510000E+2
1.337752E+0	9.268099E+2	5.780000E+2
1.337735E+0	9.268217E+2	5.650000E+2
1.337718E+0	9.268336E+2	5.780000E+2
1.337701E+0	9.268454E+2	5.680000E+2
1.337684E+0	9.268572E+2	5.600000E+2
1.337667E+0	9.268691E+2	5.300000E+2
1.337650E+0	9.268809E+2	5.630000E+2
1.337633E+0	9.268927E+2	5.740000E+2
1.337615E+0	9.269046E+2	5.690000E+2
1.337598E+0	9.269164E+2	5.480000E+2
1.337581E+0	9.269282E+2	5.640000E+2
1.337564E+0	9.269401E+2	5.790000E+2
1.337547E+0	9.269519E+2	5.500000E+2
1.337530E+0	9.269637E+2	5.560000E+2
1.337513E+0	9.269756E+2	5.640000E+2
1.337496E+0	9.269874E+2	5.660000E+2
1.337479E+0	9.269992E+2	5.790000E+2
1.337462E+0	9.270111E+2	5.550000E+2
1.337445E+0	9.270229E+2	5.800000E+2
1.337428E+0	9.270347E+2	5.560000E+2
1.337411E+0	9.270466E+2	5.590000E+2
1.337394E+0	9.270584E+2	5.540000E+2
1.337376E+0	9.270702E+2	5.830000E+2
1.337359E+0	9.270821E+2	5.520000E+2
1.337342E+0	9.270939E+2	5.790000E+2
1.337325E+0	9.271057E+2	5.450000E+2
1.337308E+0	9.271176E+2	5.670000E+2
1.337291E+0	9.271294E+2	5.930000E+2
1.337274E+0	9.271412E+2	5.720000E+2
1.337257E+0	9.271531E+2	5.270000E+2
1.337240E+0	9.271649E+2	5.810000E+2
1.337223E+0	9.271767E+2	6.040000E+2
1.337206E+0	9.271886E+2	5.440000E+2
1.337189E+0	9.272004E+2	5.750000E+2
1.337172E+0	9.272122E+2	5.730000E+2
1.337155E+0	9.272241E+2	5.610000E+2
1.337138E+0	9.272359E+2	5.810000E+2
1.337120E+0	9.272477E+2	5.540000E+2
1.337103E+0	9.272596E+2	5.780000E+2
1.337086E+0	9.272714E+2	5.530000E+2
1.337069E+0	9.272832E+2	5.630000E+2
1.337052E+0	9.272951E+2	5.880000E+2
1.337035E+0	9.273069E+2	5.750000E+2
1.337018E+0	9.273187E+2	5.630000E+2
1.337001E+0	9.273306E+2	5.720000E+2
1.336984E+0	9.273424E+2	5.800000E+2
1.336967E+0	9.273542E+2	5.510000E+2
1.336950E+0	9.273661E+2	5.650000E+2
1.336933E+0	9.273779E+2	5.920000E+2
1.336916E+0	9.273897E+2	5.540000E+2
1.336899E+0	9.274015E+2	5.950000E+2
1.336882E+0	9.274134E+2	5.670000E+2
1.336865E+0	9.274252E+2	5.960000E+2
1.336847E+0	9.274370E+2	5.330000E+2
1.336830E+0	9.274489E+2	6.010000E+2
1.336813E+0	9.274607E+2	5.670000E+2
1.336796E+0	9.274725E+2	5.690000E+2
1.336779E+0	9.274844E+2	5.580000E+2
1.336762E+0	9.274962E+2	5.560000E+2
1.336745E+0	9.275080E+2	5.690000E+2
1.336728E+0	9.275199E+2	5.750000E+2
1.336711E+0	9.275317E+2	5.580000E+2
1.336694E+0	9.275435E+2	5.760000E+2
1.336677E+0	9.275554E+2	6.040000E+2
1.336660E+0	9.275672E+2	5.780000E+2
1.336643E+0	9.275790E+2	6.000000E+2
1.336626E+0	9.275909E+2	5.540000E+2
1.336609E+0	9.276027E+2	5.550000E+2
1.336592E+0	9.276145E+2	5.770000E+2
1.336575E+0	9.276264E+2	5.940000E+2
1.336558E+0	9.276382E+2	5.640000E+2
1.336541E+0	9.276500E+2	5.620000E+2
1.336524E+0	9.276619E+2	5.680000E+2
1.336506E+0	9.276737E+2	6.020000E+2
1.336489E+0	9.276855E+2	5.740000E+2
1.336472E+0	9.276974E+2	6.070000E+2
1.336455E+0	9.277092E+2	5.610000E+2
1.336438E+0	9.277210E+2	5.770000E+2
1.336421E+0	9.277329E+2	5.570000E+2
1.336404E+0	9.277447E+2	6.080000E+2
1.336387E+0	9.277565E+2	6.000000E+2
1.336370E+0	9.277684E+2	5.570000E+2
1.336353E+0	9.277802E+2	5.450000E+2
1.336336E+0	9.277920E+2	5.980000E+2
1.336319E+0	9.278039E+2	6.190000E+2
1.336302E+0	9.278157E+2	5.200000E+2
1.336285E+0	9.278275E+2	5.980000E+2
1.336268E+0	9.278394E+2	5.550000E+2
1.336251E+0	9.278512E+2	5.810000E+2
1.336234E+0	9.278630E+2	5.670000E+2
1.336217E+0	9.278749E+2	5.860000E+2
1.336200E+0	9.278867E+2	5.890000E+2
1.336183E+0	9.278985E+2	6.110000E+2
1.336166E+0	9.279104E+2	5.940000E+2
1.336149E+0	9.279222E+2	5.630000E+2
1.336132E+0	9.279340E+2	6.020000E+2
1.336114E+0	9.279459E+2	5.520000E+2
1.336097E+0	9.279577E+2	5.650000E+2
1.336080E+0	9.279695E+2	5.820000E+2
1.336063E+0	9.279814E+2	5.810000E+2
1.336046E+0	9.279932E+2	5.620000E+2
1.336029E+0	9.280050E+2	5.820000E+2
1.336012E+0	9.280169E+2	5.650000E+2
1.335995E+0	9.280287E+2	5.780000E+2
1.335978E+0	9.280405E+2	5.490000E+2
1.335961E+0	9.280524E+2	5.780000E+2
1.335944E+0	9.280642E+2	5.650000E+2
1.335927E+0	9.280760E+2	5.520000E+2
1.335910E+0	9.280879E+2	5.960000E+2
1.335893E+0	9.280997E+2	6.150000E+2
1.335876E+0	9.281115E+2	5.840000E+2
1.335859E+0	9.281234E+2	5.710000E+2
1.335842E+0	9.281352E+2	5.480000E+2
1.335825E+0	9.281470E+2	5.670000E+2
1.335808E+0	9.281589E+2	5.820000E+2
1.335791E+0	9.281707E+2	5.930000E+2
1.335774E+0	9.281825E+2	5.800000E+2
1.335757E+0	9.281944E+2	5.840000E+2
1.335740E+0	9.282062E+2	5.530000E+2
1.335723E+0	9.282180E+2	5.810000E+2
1.335706E+0	9.282299E+2	5.680000E+2
1.335689E+0	9.282417E+2	5.600000E+2
1.335672E+0	9.282535E+2	5.930000E+2
1.335655E+0	9.282654E+2	5.710000E+2
1.335638E+0	9.282772E+2	5.710000E+2
1.335621E+0	9.282890E+2	5.830000E+2
1.335604E+0	9.283009E+2	5.720000E+2
1.335587E+0	9.283127E+2	5.900000E+2
1.335569E+0	9.283245E+2	5.860000E+2
1.335552E+0	9.283364E+2	5.640000E+2
1.335535E+0	9.283482E+2	5.990000E+2
1.335518E+0	9.283600E+2	5.700000E+2
1.335501E+0	9.283719E+2	6.210000E+2
1.335484E+0	9.283837E+2	5.410000E+2
1.335467E+0	9.283955E+2	5.830000E+2
1.335450E+0	9.284074E+2	5.720000E+2
1.335433E+0	9.284192E+2	5.850000E+2
1.335416E+0	9.284310E+2	5.770000E+2
1.335399E+0	9.284429E+2	5.740000E+2
1.335382E+0	9.284547E+2	5.740000E+2
1.335365E+0	9.284665E+2	5.740000E+2
1.335348E+0	9.284784E+2	5.610000E+2
1.335331E+0	9.284902E+2	6.040000E+2
1.335314E+0	9.285020E+2	5.800000E+2
1.335297E+0	9.285139E+2	5.890000E+2
1.335280E+0	9.285257E+2	5.790000E+2
1.335263E+0	9.285375E+2	5.580000E+2
1.335246E+0	9.285494E+2	5.860000E+2
1.335229E+0	9.285612E+2	6.070000E+2
1.335212E+0	9.285730E+2	5.400000E+2
1.335195E+0	9.285848E+2	6.200000E+2
1.335178E+0	9.285967E+2	5.850000E+2
1.335161E+0	9.286085E+2	5.780000E+2
1.335144E+0	9.286203E+2	5.960000E+2
1.335127E+0	9.286322E+2	5.660000E+2
1.335110E+0	9.286440E+2	5.390000E+2
1.335093E+0	9.286558E+2	5.920000E+2
1.335076E+0	9.286677E+2	5.860000E+2
1.335059E+0	9.286795E+2	5.990000E+2
1.335042E+0	9.286913E+2	5.740000E+2
1.335025E+0	9.287032E+2	5.690000E+2
1.335008E+0	9.287150E+2	5.570000E+2
1.334991E+0	9.287268E+2	5.610000E+2
1.334974E+0	9.287387E+2	5.860000E+2
1.334957E+0	9.287505E+2	5.910000E+2
1.334940E+0	9.287623E+2	5.820000E+2
1.334923E+0	9.287742E+2	5.780000E+2
1.334906E+0	9.287860E+2	5.940000E+2
1.334889E+0	9.287978E+2	5.550000E+2
1.334872E+0	9.288097E+2	5.870000E+2
1.334855E+0	9.288215E+2	5.770000E+2
1.334838E+0	9.288333E+2	5.870000E+2
1.334821E+0	9.288452E+2	5.850000E+2
1.334804E+0	9.288570E+2	5.650000E+2
1.334787E+0	9.288688E+2	6.030000E+2
1.334770E+0	9.288807E+2	6.060000E+2
1.334753E+0	9.288925E+2	5.950000E+2
1.334736E+0	9.289043E+2	5.820000E+2
1.334719E+0	9.289162E+2	5.620000E+2
1.334702E+0	9.289280E+2	5.680000E+2
1.334685E+0	9.289398E+2	6.160000E+2
1.334668E+0	9.289517E+2	5.590000E+2
1.334651E+0	9.289635E+2	5.730000E+2
1.334634E+0	9.289753E+2	5.870000E+2
1.334617E+0	9.289872E+2	5.800000E+2
1.334600E+0	9.289990E+2	5.850000E+2
1.334583E+0	9.290108E+2	5.420000E+2
1.334566E+0	9.290227E+2	5.640000E+2
1.334549E+0	9.290345E+2	5.830000E+2
1.334532E+0	9.290463E+2	6.160000E+2
1.334515E+0	9.290582E+2	5.870000E+2
1.334498E+0	9.290700E+2	5.770000E+2
1.334481E+0	9.290818E+2	6.170000E+2
1.334464E+0	9.290937E+2	5.640000E+2
1.334447E+0	9.291055E+2	5.830000E+2
1.334430E+0	9.291173E+2	5.900000E+2
1.334413E+0	9.291292E+2	5.720000E+2
1.334396E+0	9.291410E+2	5.680000E+2
1.334379E+0	9.291528E+2	5.730000E+2
1.334362E+0	9.291647E+2	5.860000E+2
1.334345E+0	9.291765E+2	5.660000E+2
1.334328E+0	9.291883E+2	5.910000E+2
1.334311E+0	9.292002E+2	5.850000E+2
1.334294E+0	9.292120E+2	5.680000E+2
1.334277E+0	9.292238E+2	5.990000E+2
1.334260E+0	9.292357E+2	5.830000E+2
1.334243E+0	9.292475E+2	6.170000E+2
1.334226E+0	9.292593E+2	5.840000E+2
1.334209E+0	9.292712E+2	5.950000E+2
1.334192E+0	9.292830E+2	5.760000E+2
1.334175E+0	9.292948E+2	5.760000E+2
1.334158E+0	9.293067E+2	5.880000E+2
1.334141E+0	9.293185E+2	5.820000E+2
1.334124E+0	9.293303E+2	5.610000E+2
1.334107E+0	9.293422E+2	5.790000E+2
1.334090E+0	9.293540E+2	5.930000E+2
1.334073E+0	9.293658E+2	5.730000E+2
1.334056E+0	9.293777E+2	5.980000E+2
1.334039E+0	9.293895E+2	6.050000E+2
1.334022E+0	9.294013E+2	6.040000E+2
1.334005E+0	9.294132E+2	5.860000E+2
1.333988E+0	9.294250E+2	5.660000E+2
1.333971E+0	9.294368E+2	6.000000E+2
1.333954E+0	9.294487E+2	5.660000E+2
1.333937E+0	9.294605E+2	5.920000E+2
1.333920E+0	9.294723E+2	5.920000E+2
1.333903E+0	9.294842E+2	5.820000E+2
1.333886E+0	9.294960E+2	5.930000E+2
1.333869E+0	9.295078E+2	5.870000E+2
1.333852E+0	9.295197E+2	5.850000E+2
1.333835E+0	9.295315E+2	6.150000E+2
1.333818E+0	9.295433E+2	5.670000E+2
1.333801E+0	9.295552E+2	5.830000E+2
1.333784E+0	9.295670E+2	5.720000E+2
1.333767E+0	9.295788E+2	5.760000E+2
1.333750E+0	9.295907E+2	6.020000E+2
1.333733E+0	9.296025E+2	5.870000E+2
1.333716E+0	9.296143E+2	5.730000E+2
1.333699E+0	9.296262E+2	5.850000E+2
1.333682E+0	9.296380E+2	6.000000E+2
1.333666E+0	9.296498E+2	6.090000E+2
1.333649E+0	9.296617E+2	5.610000E+2
1.333632E+0	9.296735E+2	5.720000E+2
1.333615E+0	9.296853E+2	6.040000E+2
1.333598E+0	9.296972E+2	5.510000E+2
1.333581E+0	9.297090E+2	5.980000E+2
1.333564E+0	9.297208E+2	5.850000E+2
1.333547E+0	9.297327E+2	5.490000E+2
1.333530E+0	9.297445E+2	5.870000E+2
1.333513E+0	9.297563E+2	5.860000E+2
1.333496E+0	9.297681E+2	5.820000E+2
1.333479E+0	9.297800E+2	5.840000E+2
1.333462E+0	9.297918E+2	5.920000E+2
1.333445E+0	9.298036E+2	5.910000E+2
1.333428E+0	9.298155E+2	6.060000E+2
1.333411E+0	9.298273E+2	5.750000E+2
1.333394E+0	9.298391E+2	5.850000E+2
1.333377E+0	9.298510E+2	5.770000E+2
1.333360E+0	9.298628E+2	5.870000E+2
1.333343E+0	9.298746E+2	5.930000E+2
1.333326E+0	9.298865E+2	6.060000E+2
1.333309E+0	9.298983E+2	5.910000E+2
1.333292E+0	9.299101E+2	5.770000E+2
1.333275E+0	9.299220E+2	5.980000E+2
1.333258E+0	9.299338E+2	5.620000E+2
1.333241E+0	9.299456E+2	6.050000E+2
1.333224E+0	9.299575E+2	5.780000E+2
1.333207E+0	9.299693E+2	6.200000E+2
1.333190E+0	9.299811E+2	5.420000E+2
1.333173E+0	9.299930E+2	5.940000E+2
1.333156E+0	9.300048E+2	5.850000E+2
1.333139E+0	9.300166E+2	5.960000E+2
1.333123E+0	9.300285E+2	5.650000E+2
1.333106E+0	9.300403E+2	5.930000E+2
1.333089E+0	9.300521E+2	5.970000E+2
1.333072E+0	9.300640E+2	5.890000E+2
1.333055E+0	9.300758E+2	5.870000E+2
1.333038E+0	9.300876E+2	5.960000E+2
1.333021E+0	9.300995E+2	5.790000E+2
1.333004E+0	9.301113E+2	5.980000E+2
1.332987E+0	9.301231E+2	5.750000E+2
1.332970E+0	9.301350E+2	5.820000E+2
1.332953E+0	9.301468E+2	6.190000E+2
1.332936E+0	9.301586E+2	5.870000E+2
1.332919E+0	9.301705E+2	5.900000E+2
1.332902E+0	9.301823E+2	5.710000E+2
1.332885E+0	9.301941E+2	6.150000E+2
1.332868E+0	9.302060E+2	5.950000E+2
1.332851E+0	9.302178E+2	5.900000E+2
1.332834E+0	9.302296E+2	5.960000E+2
1.332817E+0	9.302415E+2	5.990000E+2
1.332800E+0	9.302533E+2	6.010000E+2
1.332783E+0	9.302651E+2	5.800000E+2
1.332766E+0	9.302770E+2	5.640000E+2
1.332749E+0	9.302888E+2	5.850000E+2
1.332733E+0	9.303006E+2	5.920000E+2
1.332716E+0	9.303125E+2	5.790000E+2
1.332699E+0	9.303243E+2	5.810000E+2
1.332682E+0	9.303361E+2	5.760000E+2
1.332665E+0	9.303480E+2	6.030000E+2
1.332648E+0	9.303598E+2	5.990000E+2
1.332631E+0	9.303716E+2	5.840000E+2
1.332614E+0	9.303835E+2	5.880000E+2
1.332597E+0	9.303953E+2	5.980000E+2
1.332580E+0	9.304071E+2	5.870000E+2
1.332563E+0	9.304190E+2	5.880000E+2
1.332546E+0	9.304308E+2	5.910000E+2
1.332529E+0	9.304426E+2	5.670000E+2
1.332512E+0	9.304545E+2	6.010000E+2
1.332495E+0	9.304663E+2	5.950000E+2
1.332478E+0	9.304781E+2	5.700000E+2
1.332461E+0	9.304900E+2	5.960000E+2
1.332444E+0	9.305018E+2	5.880000E+2
1.332427E+0	9.305136E+2	5.840000E+2
1.332411E+0	9.305255E+2	5.880000E+2
1.332394E+0	9.305373E+2	5.930000E+2
1.332377E+0	9.305491E+2	6.020000E+2
1.332360E+0	9.305610E+2	6.020000E+2
1.332343E+0	9.305728E+2	6.010000E+2
1.332326E+0	9.305846E+2	5.920000E+2
1.332309E+0	9.305965E+2	5.810000E+2
1.332292E+0	9.306083E+2	5.870000E+2
1.332275E+0	9.306201E+2	5.790000E+2
1.332258E+0	9.306320E+2	6.080000E+2
1.332241E+0	9.306438E+2	5.960000E+2
1.332224E+0	9.306556E+2	5.820000E+2
1.332207E+0	9.306675E+2	5.840000E+2
1.332190E+0	9.306793E+2	5.990000E+2
1.332173E+0	9.306911E+2	5.810000E+2
1.332156E+0	9.307030E+2	6.010000E+2
1.332139E+0	9.307148E+2	6.020000E+2
1.332123E+0	9.307266E+2	5.830000E+2
1.332106E+0	9.307385E+2	5.910000E+2
1.332089E+0	9.307503E+2	5.910000E+2
1.332072E+0	9.307621E+2	6.100000E+2
1.332055E+0	9.307740E+2	5.690000E+2
1.332038E+0	9.307858E+2	5.790000E+2
1.332021E+0	9.307976E+2	6.240000E+2
1.332004E+0	9.308095E+2	6.000000E+2
1.331987E+0	9.308213E+2	6.000000E+2
1.331970E+0	9.308331E+2	6.000000E+2
1.331953E+0	9.308450E+2	5.900000E+2
1.331936E+0	9.308568E+2	5.920000E+2
1.331919E+0	9.308686E+2	5.980000E+2
1.331902E+0	9.308805E+2	6.020000E+2
1.331885E+0	9.308923E+2	6.000000E+2
1.331869E+0	9.309041E+2	5.780000E+2
1.331852E+0	9.309160E+2	6.150000E+2
1.331835E+0	9.309278E+2	5.760000E+2
1.331818E+0	9.309396E+2	5.840000E+2
1.331801E+0	9.309514E+2	5.790000E+2
1.331784E+0	9.309633E+2	6.080000E+2
1.331767E+0	9.309751E+2	5.680000E+2
1.331750E+0	9.309869E+2	6.070000E+2
1.331733E+0	9.309988E+2	6.110000E+2
1.331716E+0	9.310106E+2	5.940000E+2
1.331699E+0	9.310224E+2	5.950000E+2
1.331682E+0	9.310343E+2	5.750000E+2
1.331665E+0	9.310461E+2	6.110000E+2
1.331648E+0	9.310579E+2	6.030000E+2
1.331632E+0	9.310698E+2	5.690000E+2
1.331615E+0	9.310816E+2	5.630000E+2
1.331598E+0	9.310934E+2	6.130000E+2
1.331581E+0	9.311053E+2	6.010000E+2
1.331564E+0	9.311171E+2	5.870000E+2
1.331547E+0	9.311289E+2	5.890000E+2
1.331530E+0	9.311408E+2	5.970000E+2
1.331513E+0	9.311526E+2	6.050000E+2
1.331496E+0	9.311644E+2	5.490000E+2
1.331479E+0	9.311763E+2	6.160000E+2
1.331462E+0	9.311881E+2	6.060000E+2
1.331445E+0	9.311999E+2	5.720000E+2
1.331429E+0	9.312118E+2	6.140000E+2
1.331412E+0	9.312236E+2	5.780000E+2
1.331395E+0	9.312354E+2	6.090000E+2
1.331378E+0	9.312473E+2	6.060000E+2
1.331361E+0	9.312591E+2	5.420000E+2
1.331344E+0	9.312709E+2	5.970000E+2
1.331327E+0	9.312828E+2	5.950000E+2
1.331310E+0	9.312946E+2	5.870000E+2
1.331293E+0	9.313064E+2	5.610000E+2
1.331276E+0	9.313183E+2	6.070000E+2
1.331259E+0	9.313301E+2	5.820000E+2
1.331242E+0	9.313419E+2	6.080000E+2
1.331226E+0	9.313538E+2	5.830000E+2
1.331209E+0	9.313656E+2	5.720000E+2
1.331192E+0	9.313774E+2	5.730000E+2
1.331175E+0	9.313893E+2	5.740000E+2
1.331158E+0	9.314011E+2	6.210000E+2
1.331141E+0	9.314129E+2	5.780000E+2
1.331124E+0	9.314248E+2	6.040000E+2
1.331107E+0	9.314366E+2	6.030000E+2
1.331090E+0	9.314484E+2	5.860000E+2
1.331073E+0	9.314603E+2	6.030000E+2
1.331056E+0	9.314721E+2	5.920000E+2
1.331039E+0	9.314839E+2	5.970000E+2
1.331023E+0	9.314958E+2	5.930000E+2
1.331006E+0	9.315076E+2	6.080000E+2
1.330989E+0	9.315194E+2	6.010000E+2
1.330972E+0	9.315313E+2	6.110000E+2
1.330955E+0	9.315431E+2	5.970000E+2
1.330938E+0	9.315549E+2	6.190000E+2
1.330921E+0	9.315668E+2	5.820000E+2
1.330904E+0	9.315786E+2	6.030000E+2
1.330887E+0	9.315904E+2	5.990000E+2
1.330870E+0	9.316023E+2	5.860000E+2
1.330854E+0	9.316141E+2	6.110000E+2
1.330837E+0	9.316259E+2	5.790000E+2
1.330820E+0	9.316378E+2	5.640000E+2
1.330803E+0	9.316496E+2	6.070000E+2
1.330786E+0	9.316614E+2	5.960000E+2
1.330769E+0	9.316733E+2	5.880000E+2
1.330752E+0	9.316851E+2	5.880000E+2
1.330735E+0	9.316969E+2	6.030000E+2
1.330718E+0	9.317088E+2	5.950000E+2
1.330701E+0	9.317206E+2	5.840000E+2
1.330684E+0	9.317324E+2	6.030000E+2
1.330668E+0	9.317443E+2	6.030000E+2
1.330651E+0	9.317561E+2	6.080000E+2
1.330634E+0	9.317679E+2	5.990000E+2
1.330617E+0	9.317798E+2	6.050000E+2
1.330600E+0	9.317916E+2	5.680000E+2
1.330583E+0	9.318034E+2	5.950000E+2
1.330566E+0	9.318153E+2	6.060000E+2
1.330549E+0	9.318271E+2	5.820000E+2
1.330532E+0	9.318389E+2	6.120000E+2
1.330516E+0	9.318508E+2	6.050000E+2
1.330499E+0	9.318626E+2	5.820000E+2
1.330482E+0	9.318744E+2	6.050000E+2
1.330465E+0	9.318863E+2	6.000000E+2
1.330448E+0	9.318981E+2	5.940000E+2
1.330431E+0	9.319099E+2	5.850000E+2
1.330414E+0	9.319218E+2	6.090000E+2
1.330397E+0	9.319336E+2	5.770000E+2
1.330380E+0	9.319454E+2	5.980000E+2
1.330363E+0	9.319573E+2	5.940000E+2
1.330347E+0	9.319691E+2	5.910000E+2
1.330330E+0	9.319809E+2	5.990000E+2
1.330313E+0	9.319928E+2	5.960000E+2
1.330296E+0	9.320046E+2	6.020000E+2
1.330279E+0	9.320164E+2	6.210000E+2
1.330262E+0	9.320283E+2	5.590000E+2
1.330245E+0	9.320401E+2	6.380000E+2
1.330228E+0	9.320519E+2	5.660000E+2
1.330211E+0	9.320638E+2	6.100000E+2
1.330195E+0	9.320756E+2	5.870000E+2
1.330178E+0	9.320874E+2	5.910000E+2
1.330161E+0	9.320993E+2	5.870000E+2
1.330144E+0	9.321111E+2	6.000000E+2
1.330127E+0	9.321229E+2	6.340000E+2
1.330110E+0	9.321347E+2	5.980000E+2
1.330093E+0	9.321466E+2	6.000000E+2
1.330076E+0	9.321584E+2	5.900000E+2
1.330060E+0	9.321702E+2	5.840000E+2
1.330043E+0	9.321821E+2	6.230000E+2
1.330026E+0	9.321939E+2	6.050000E+2
1.330009E+0	9.322057E+2	5.750000E+2
1.329992E+0	9.322176E+2	5.800000E+2
1.329975E+0	9.322294E+2	6.180000E+2
1.329958E+0	9.322412E+2	5.830000E+2
1.329941E+0	9.322531E+2	5.920000E+2
1.329924E+0	9.322649E+2	5.610000E+2
1.329908E+0	9.322767E+2	6.120000E+2
1.329891E+0	9.322886E+2	5.950000E+2
1.329874E+0	9.323004E+2	5.770000E+2
1.329857E+0	9.323122E+2	6.010000E+2
1.329840E+0	9.323241E+2	6.010000E+2
1.329823E+0	9.323359E+2	6.050000E+2
1.329806E+0	9.323477E+2	5.590000E+2
1.329789E+0	9.323596E+2	5.920000E+2
1.329773E+0	9.323714E+2	5.910000E+2
1.329756E+0	9.323832E+2	6.000000E+2
1.329739E+0	9.323951E+2	5.820000E+2
1.329722E+0	9.324069E+2	6.100000E+2
1.329705E+0	9.324187E+2	5.910000E+2
1.329688E+0	9.324306E+2	6.050000E+2
1.329671E+0	9.324424E+2	6.110000E+2
1.329654E+0	9.324542E+2	5.580000E+2
1.329638E+0	9.324661E+2	6.070000E+2
1.329621E+0	9.324779E+2	6.080000E+2
1.329604E+0	9.324897E+2	6.020000E+2
1.329587E+0	9.325016E+2	5.990000E+2
1.329570E+0	9.325134E+2	6.000000E+2
1.329553E+0	9.325252E+2	5.940000E+2
1.329536E+0	9.325371E+2	5.820000E+2
1.329519E+0	9.325489E+2	6.100000E+2
1.329503E+0	9.325607E+2	6.070000E+2
1.329486E+0	9.325726E+2	6.100000E+2
1.329469E+0	9.325844E+2	6.170000E+2
1.329452E+0	9.325962E+2	5.890000E+2
1.329435E+0	9.326081E+2	6.120000E+2
1.329418E+0	9.326199E+2	5.910000E+2
1.329401E+0	9.326317E+2	5.800000E+2
1.329384E+0	9.326436E+2	5.920000E+2
1.329368E+0	9.326554E+2	6.060000E+2
1.329351E+0	9.326672E+2	5.990000E+2
1.329334E+0	9.326791E+2	5.970000E+2
1.329317E+0	9.326909E+2	6.040000E+2
1.329300E+0	9.327027E+2	5.990000E+2
1.329283E+0	9.327146E+2	5.810000E+2
1.329266E+0	9.327264E+2	6.130000E+2
1.329250E+0	9.327382E+2	6.040000E+2
1.329233E+0	9.327501E+2	6.000000E+2
1.329216E+0	9.327619E+2	5.820000E+2
1.329199E+0	9.327737E+2	5.750000E+2
1.329182E+0	9.327856E+2	5.850000E+2
1.329165E+0	9.327974E+2	6.440000E+2
1.329148E+0	9.328092E+2	6.020000E+2
1.329132E+0	9.328211E+2	5.960000E+2
1.329115E+0	9.328329E+2	6.760000E+2
1.329098E+0	9.328447E+2	6.560000E+2
1.329081E+0	9.328566E+2	5.660000E+2
1.329064E+0	9.328684E+2	6.240000E+2
1.329047E+0	9.328802E+2	5.850000E+2
1.329030E+0	9.328921E+2	5.910000E+2
1.329014E+0	9.329039E+2	6.300000E+2
1.328997E+0	9.329157E+2	5.970000E+2
1.328980E+0	9.329276E+2	5.670000E+2
1.328963E+0	9.329394E+2	6.180000E+2
1.328946E+0	9.329512E+2	6.110000E+2
1.328929E+0	9.329631E+2	5.990000E+2
1.328912E+0	9.329749E+2	5.790000E+2
1.328896E+0	9.329867E+2	6.200000E+2
1.328879E+0	9.329986E+2	5.910000E+2
1.328862E+0	9.330104E+2	6.020000E+2
1.328845E+0	9.330222E+2	6.110000E+2
1.328828E+0	9.330341E+2	5.910000E+2
1.328811E+0	9.330459E+2	6.190000E+2
1.328794E+0	9.330577E+2	5.790000E+2
1.328778E+0	9.330696E+2	6.080000E+2
1.328761E+0	9.330814E+2	6.010000E+2
1.328744E+0	9.330932E+2	6.140000E+2
1.328727E+0	9.331051E+2	5.880000E+2
1.328710E+0	9.331169E+2	5.980000E+2
1.328693E+0	9.331287E+2	6.080000E+2
1.328676E+0	9.331406E+2	5.890000E+2
1.328660E+0	9.331524E+2	5.770000E+2
1.328643E+0	9.331642E+2	6.150000E+2
1.328626E+0	9.331761E+2	5.980000E+2
1.328609E+0	9.331879E+2	6.230000E+2
1.328592E+0	9.331997E+2	5.850000E+2
1.328575E+0	9.332116E+2	5.930000E+2
1.328559E+0	9.332234E+2	5.960000E+2
1.328542E+0	9.332352E+2	6.050000E+2
1.328525E+0	9.332471E+2	6.010000E+2
1.328508E+0	9.332589E+2	6.020000E+2
1.328491E+0	9.332707E+2	5.930000E+2
1.328474E+0	9.332826E+2	5.800000E+2
1.328457E+0	9.332944E+2	6.180000E+2
1.328441E+0	9.333062E+2	5.790000E+2
1.328424E+0	9.333180E+2	6.050000E+2
1.328407E+0	9.333299E+2	5.940000E+2
1.328390E+0	9.333417E+2	6.040000E+2
1.328373E+0	9.333535E+2	6.080000E+2
1.328356E+0	9.333654E+2	5.910000E+2
1.328340E+0	9.333772E+2	6.170000E+2
1.328323E+0	9.333890E+2	5.890000E+2
1.328306E+0	9.334009E+2	6.140000E+2
1.328289E+0	9.334127E+2	5.990000E+2
1.328272E+0	9.334245E+2	5.900000E+2
1.328255E+0	9.334364E+2	6.000000E+2
1.328239E+0	9.334482E+2	6.120000E+2
1.328222E+0	9.334600E+2	5.880000E+2
1.328205E+0	9.334719E+2	6.260000E+2
1.328188E+0	9.334837E+2	6.060000E+2
1.328171E+0	9.334955E+2	5.730000E+2
1.328154E+0	9.335074E+2	6.120000E+2
1.328138E+0	9.335192E+2	6.030000E+2
1.328121E+0	9.335310E+2	5.980000E+2
1.328104E+0	9.335429E+2	5.910000E+2
1.328087E+0	9.335547E+2	6.270000E+2
1.328070E+0	9.335665E+2	5.980000E+2
1.328053E+0	9.335784E+2	5.920000E+2
1.328037E+0	9.335902E+2	6.170000E+2
1.328020E+0	9.336020E+2	5.900000E+2
1.328003E+0	9.336139E+2	6.210000E+2
1.327986E+0	9.336257E+2	5.960000E+2
1.327969E+0	9.336375E+2	5.840000E+2
1.327952E+0	9.336494E+2	6.030000E+2
1.327936E+0	9.336612E+2	5.970000E+2
1.327919E+0	9.336730E+2	5.980000E+2
1.327902E+0	9.336849E+2	6.030000E+2
1.327885E+0	9.336967E+2	5.980000E+2
1.327868E+0	9.337085E+2	5.910000E+2
1.327851E+0	9.337204E+2	5.960000E+2
1.327835E+0	9.337322E+2	6.230000E+2
1.327818E+0	9.337440E+2	5.900000E+2
1.327801E+0	9.337559E+2	6.030000E+2
1.327784E+0	9.337677E+2	5.960000E+2
1.327767E+0	9.337795E+2	6.040000E+2
1.327750E+0	9.337914E+2	6.040000E+2
1.327734E+0	9.338032E+2	6.050000E+2
1.327717E+0	9.338150E+2	5.950000E+2
1.327700E+0	9.338269E+2	6.150000E+2
1.327683E+0	9.338387E+2	5.960000E+2
1.327666E+0	9.338505E+2	6.280000E+2
1.327649E+0	9.338624E+2	5.860000E+2
1.327633E+0	9.338742E+2	6.120000E+2
1.327616E+0	9.338860E+2	5.940000E+2
1.327599E+0	9.338979E+2	6.000000E+2
1.327582E+0	9.339097E+2	5.920000E+2
1.327565E+0	9.339215E+2	5.990000E+2
1.327549E+0	9.339334E+2	6.080000E+2
1.327532E+0	9.339452E+2	6.130000E+2
1.327515E+0	9.339570E+2	5.720000E+2
1.327498E+0	9.339689E+2	6.160000E+2
1.327481E+0	9.339807E+2	6.130000E+2
1.327464E+0	9.339925E+2	5.990000E+2
1.327448E+0	9.340044E+2	6.020000E+2
1.327431E+0	9.340162E+2	6.050000E+2
1.327414E+0	9.340280E+2	6.070000E+2
1.327397E+0	9.340399E+2	6.100000E+2
1.327380E+0	9.340517E+2	6.210000E+2
1.327364E+0	9.340635E+2	5.760000E+2
1.327347E+0	9.340754E+2	6.400000E+2
1.327330E+0	9.340872E+2	6.070000E+2
1.327313E+0	9.340990E+2	5.970000E+2
1.327296E+0	9.341109E+2	6.160000E+2
1.327279E+0	9.341227E+2	5.950000E+2
1.327263E+0	9.341345E+2	5.840000E+2
1.327246E+0	9.341464E+2	6.110000E+2
1.327229E+0	9.341582E+2	6.170000E+2
1.327212E+0	9.341700E+2	5.920000E+2
1.327195E+0	9.341819E+2	6.170000E+2
1.327179E+0	9.341937E+2	5.800000E+2
1.327162E+0	9.342055E+2	6.080000E+2
1.327145E+0	9.342174E+2	6.020000E+2
1.327128E+0	9.342292E+2	6.090000E+2
1.327111E+0	9.342410E+2	5.840000E+2
1.327095E+0	9.342529E+2	6.060000E+2
1.327078E+0	9.342647E+2	5.860000E+2
1.327061E+0	9.342765E+2	6.230000E+2
1.327044E+0	9.342884E+2	6.440000E+2
1.327027E+0	9.343002E+2	5.790000E+2
1.327011E+0	9.343120E+2	6.050000E+2
1.326994E+0	9.343239E+2	6.190000E+2
1.326977E+0	9.343357E+2	5.450000E+2
1.326960E+0	9.343475E+2	6.470000E+2
1.326943E+0	9.343594E+2	6.030000E+2
1.326927E+0	9.343712E+2	5.870000E+2
1.326910E+0	9.343830E+2	5.970000E+2
1.326893E+0	9.343949E+2	6.160000E+2
1.326876E+0	9.344067E+2	6.240000E+2
1.326859E+0	9.344185E+2	5.870000E+2
1.326842E+0	9.344304E+2	5.990000E+2
1.326826E+0	9.344422E+2	6.330000E+2
1.326809E+0	9.344540E+2	5.770000E+2
1.326792E+0	9.344659E+2	6.380000E+2
1.326775E+0	9.344777E+2	5.690000E+2
1.326758E+0	9.344895E+2	6.560000E+2
1.326742E+0	9.345014E+2	6.020000E+2
1.326725E+0	9.345132E+2	5.760000E+2
1.326708E+0	9.345250E+2	6.080000E+2
1.326691E+0	9.345368E+2	5.910000E+2
1.326674E+0	9.345487E+2	6.370000E+2
1.326658E+0	9.345605E+2	5.820000E+2
1.326641E+0	9.345723E+2	5.900000E+2
1.326624E+0	9.345842E+2	6.280000E+2
1.326607E+0	9.345960E+2	5.950000E+2
1.326591E+0	9.346078E+2	6.350000E+2
1.326574E+0	9.346197E+2	6.010000E+2
1.326557E+0	9.346315E+2	6.220000E+2
1.326540E+0	9.346433E+2	6.100000E+2
1.326523E+0	9.346552E+2	5.940000E+2
1.326507E+0	9.346670E+2	6.100000E+2
1.326490E+0	9.346788E+2	6.400000E+2
1.326473E+0	9.346907E+2	5.900000E+2
1.326456E+0	9.347025E+2	6.120000E+2
1.326439E+0	9.347143E+2	6.010000E+2
1.326423E+0	9.347262E+2	6.020000E+2
1.326406E+0	9.347380E+2	6.030000E+2
1.326389E+0	9.347498E+2	6.120000E+2
1.326372E+0	9.347617E+2	5.420000E+2
1.326355E+0	9.347735E+2	6.310000E+2
1.326339E+0	9.347853E+2	5.870000E+2
1.326322E+0	9.347972E+2	6.160000E+2
1.326305E+0	9.348090E+2	5.910000E+2
1.326288E+0	9.348208E+2	5.890000E+2
1.326271E+0	9.348327E+2	6.070000E+2
1.326255E+0	9.348445E+2	6.120000E+2
1.326238E+0	9.348563E+2	5.860000E+2
1.326221E+0	9.348682E+2	5.990000E+2
1.326204E+0	9.348800E+2	6.460000E+2
1.326188E+0	9.348918E+2	6.230000E+2
1.326171E+0	9.349037E+2	6.060000E+2
1.326154E+0	9.349155E+2	6.080000E+2
1.326137E+0	9.349273E+2	5.990000E+2
1.326120E+0	9.349392E+2	5.900000E+2
1.326104E+0	9.349510E+2	6.150000E+2
1.326087E+0	9.349628E+2	5.980000E+2
1.326070E+0	9.349747E+2	6.060000E+2
1.326053E+0	9.349865E+2	6.090000E+2
1.326036E+0	9.349983E+2	6.090000E+2
1.326020E+0	9.350102E+2	5.860000E+2
1.326003E+0	9.350220E+2	6.120000E+2
1.325986E+0	9.350338E+2	6.140000E+2
1.325969E+0	9.350457E+2	6.040000E+2
1.325953E+0	9.350575E+2	6.000000E+2
1.325936E+0	9.350693E+2	6.260000E+2
1.325919E+0	9.350812E+2	5.940000E+2
1.325902E+0	9.350930E+2	5.690000E+2
1.325885E+0	9.351048E+2	6.440000E+2
1.325869E+0	9.351167E+2	5.990000E+2
1.325852E+0	9.351285E+2	6.010000E+2
1.325835E+0	9.351403E+2	5.930000E+2
1.325818E+0	9.351522E+2	6.280000E+2
1.325802E+0	9.351640E+2	5.990000E+2
1.325785E+0	9.351758E+2	5.950000E+2
1.325768E+0	9.351877E+2	5.960000E+2
1.325751E+0	9.351995E+2	6.060000E+2
1.325734E+0	9.352113E+2	5.900000E+2
1.325718E+0	9.352232E+2	5.890000E+2
1.325701E+0	9.352350E+2	6.170000E+2
1.325684E+0	9.352468E+2	6.020000E+2
1.325667E+0	9.352587E+2	6.110000E+2
1.325651E+0	9.352705E+2	5.990000E+2
1.325634E+0	9.352823E+2	5.970000E+2
1.325617E+0	9.352942E+2	5.750000E+2
1.325600E+0	9.353060E+2	6.270000E+2
1.325584E+0	9.353178E+2	6.190000E+2
1.325567E+0	9.353297E+2	5.780000E+2
1.325550E+0	9.353415E+2	5.910000E+2
1.325533E+0	9.353533E+2	6.270000E+2
1.325516E+0	9.353652E+2	6.130000E+2
1.325500E+0	9.353770E+2	6.360000E+2
1.325483E+0	9.353888E+2	5.980000E+2
1.325466E+0	9.354007E+2	5.640000E+2
1.325449E+0	9.354125E+2	6.050000E+2
1.325433E+0	9.354243E+2	6.200000E+2
1.325416E+0	9.354362E+2	6.270000E+2
1.325399E+0	9.354480E+2	6.090000E+2
1.325382E+0	9.354598E+2	6.030000E+2
1.325366E+0	9.354717E+2	6.080000E+2
1.325349E+0	9.354835E+2	5.980000E+2
1.325332E+0	9.354953E+2	6.190000E+2
1.325315E+0	9.355072E+2	6.190000E+2
1.325298E+0	9.355190E+2	5.900000E+2
1.325282E+0	9.355308E+2	6.090000E+2
1.325265E+0	9.355427E+2	5.920000E+2
1.325248E+0	9.355545E+2	6.170000E+2
1.325231E+0	9.355663E+2	5.910000E+2
1.325215E+0	9.355782E+2	6.200000E+2
1.325198E+0	9.355900E+2	5.990000E+2
1.325181E+0	9.356018E+2	6.150000E+2
1.325164E+0	9.356137E+2	5.910000E+2
1.325148E+0	9.356255E+2	5.830000E+2
1.325131E+0	9.356373E+2	6.080000E+2
1.325114E+0	9.356492E+2	6.250000E+2
1.325097E+0	9.356610E+2	5.960000E+2
1.325081E+0	9.356728E+2	6.250000E+2
1.325064E+0	9.356846E+2	6.100000E+2
1.325047E+0	9.356965E+2	6.040000E+2
1.325030E+0	9.357083E+2	6.240000E+2
1.325014E+0	9.357201E+2	5.900000E+2
1.324997E+0	9.357320E+2	6.330000E+2
1.324980E+0	9.357438E+2	5.990000E+2
1.324963E+0	9.357556E+2	6.080000E+2
1.324947E+0	9.357675E+2	6.090000E+2
1.324930E+0	9.357793E+2	6.020000E+2
1.324913E+0	9.357911E+2	6.190000E+2
1.324896E+0	9.358030E+2	5.760000E+2
1.324880E+0	9.358148E+2	6.360000E+2
1.324863E+0	9.358266E+2	5.840000E+2
1.324846E+0	9.358385E+2	6.000000E+2
1.324829E+0	9.358503E+2	5.970000E+2
1.324813E+0	9.358621E+2	6.220000E+2
1.324796E+0	9.358740E+2	6.220000E+2
1.324779E+0	9.358858E+2	5.870000E+2
1.324762E+0	9.358976E+2	5.870000E+2
1.324746E+0	9.359095E+2	6.280000E+2
1.324729E+0	9.359213E+2	6.260000E+2
1.324712E+0	9.359331E+2	5.990000E+2
1.324695E+0	9.359450E+2	6.160000E+2
1.324679E+0	9.359568E+2	6.300000E+2
1.324662E+0	9.359686E+2	5.950000E+2
1.324645E+0	9.359805E+2	6.280000E+2
1.324628E+0	9.359923E+2	6.030000E+2
1.324612E+0	9.360041E+2	5.940000E+2
1.324595E+0	9.360160E+2	6.120000E+2
1.324578E+0	9.360278E+2	6.210000E+2
1.324561E+0	9.360396E+2	5.940000E+2
1.324545E+0	9.360515E+2	6.210000E+2
1.324528E+0	9.360633E+2	6.110000E+2
1.324511E+0	9.360751E+2	6.150000E+2
1.324494E+0	9.360870E+2	5.850000E+2
1.324478E+0	9.360988E+2	6.130000E+2
1.324461E+0	9.361106E+2	6.050000E+2
1.324444E+0	9.361225E+2	6.120000E+2
1.324427E+0	9.361343E+2	6.020000E+2
1.324411E+0	9.361461E+2	6.060000E+2
1.324394E+0	9.361580E+2	6.070000E+2
1.324377E+0	9.361698E+2	6.140000E+2
1.324360E+0	9.361816E+2	6.100000E+2
1.324344E+0	9.361935E+2	5.960000E+2
1.324327E+0	9.362053E+2	6.350000E+2
1.324310E+0	9.362171E+2	5.860000E+2
1.324293E+0	9.362290E+2	6.080000E+2
1.324277E+0	9.362408E+2	6.180000E+2
1.324260E+0	9.362526E+2	6.170000E+2
1.324243E+0	9.362645E+2	6.130000E+2
1.324227E+0	9.362763E+2	6.100000E+2
1.324210E+0	9.362881E+2	6.170000E+2
1.324193E+0	9.363000E+2	5.890000E+2
1.324176E+0	9.363118E+2	6.100000E+2
1.324160E+0	9.363236E+2	6.270000E+2
1.324143E+0	9.363355E+2	6.080000E+2
1.324126E+0	9.363473E+2	6.020000E+2
1.324109E+0	9.363591E+2	5.920000E+2
1.324093E+0	9.363710E+2	6.220000E+2
1.324076E+0	9.363828E+2	6.300000E+2
1.324059E+0	9.363946E+2	6.010000E+2
1.324042E+0	9.364065E+2	5.890000E+2
1.324026E+0	9.364183E+2	6.280000E+2
1.324009E+0	9.364301E+2	5.850000E+2
1.323992E+0	9.364420E+2	6.120000E+2
1.323976E+0	9.364538E+2	6.260000E+2
1.323959E+0	9.364656E+2	5.890000E+2
1.323942E+0	9.364775E+2	6.120000E+2
1.323925E+0	9.364893E+2	6.040000E+2
1.323909E+0	9.365011E+2	6.010000E+2
1.323892E+0	9.365130E+2	6.170000E+2
1.323875E+0	9.365248E+2	6.260000E+2
1.323858E+0	9.365366E+2	6.150000E+2
1.323842E+0	9.365485E+2	6.080000E+2
1.323825E+0	9.365603E+2	5.910000E+2
1.323808E+0	9.365721E+2	6.030000E+2
1.323792E+0	9.365840E+2	6.050000E+2
1.323775E+0	9.365958E+2	5.980000E+2
1.323758E+0	9.366076E+2	5.860000E+2
1.323741E+0	9.366195E+2	6.190000E+2
1.323725E+0	9.366313E+2	5.950000E+2
1.323708E+0	9.366431E+2	6.090000E+2
1.323691E+0	9.366550E+2	5.830000E+2
1.323674E+0	9.366668E+2	6.470000E+2
1.323658E+0	9.366786E+2	5.780000E+2
1.323641E+0	9.366905E+2	5.980000E+2
1.323624E+0	9.367023E+2	6.230000E+2
1.323608E+0	9.367141E+2	6.010000E+2
1.323591E+0	9.367260E+2	6.010000E+2
1.323574E+0	9.367378E+2	6.350000E+2
1.323557E+0	9.367496E+2	6.270000E+2
1.323541E+0	9.367615E+2	5.980000E+2
1.323524E+0	9.367733E+2	5.860000E+2
1.323507E+0	9.367851E+2	6.180000E+2
1.323491E+0	9.367970E+2	5.970000E+2
1.323474E+0	9.368088E+2	6.260000E+2
1.323457E+0	9.368206E+2	5.980000E+2
1.323440E+0	9.368325E+2	6.050000E+2
1.323424E+0	9.368443E+2	5.990000E+2
1.323407E+0	9.368561E+2	6.060000E+2
1.323390E+0	9.368679E+2	6.070000E+2
1.323374E+0	9.368798E+2	6.340000E+2
1.323357E+0	9.368916E+2	5.960000E+2
1.323340E+0	9.369034E+2	6.000000E+2
1.323323E+0	9.369153E+2	5.870000E+2
1.323307E+0	9.369271E+2	6.270000E+2
1.323290E+0	9.369389E+2	6.150000E+2
1.323273E+0	9.369508E+2	5.830000E+2
1.323257E+0	9.369626E+2	6.260000E+2
1.323240E+0	9.369744E+2	5.730000E+2
1.323223E+0	9.369863E+2	6.090000E+2
1.323206E+0	9.369981E+2	6.460000E+2
1.323190E+0	9.370099E+2	6.100000E+2
1.323173E+0	9.370218E+2	5.900000E+2
1.323156E+0	9.370336E+2	6.160000E+2
1.323140E+0	9.370454E+2	6.040000E+2
1.323123E+0	9.370573E+2	6.120000E+2
1.323106E+0	9.370691E+2	5.990000E+2
1.323089E+0	9.370809E+2	6.090000E+2
1.323073E+0	9.370928E+2	6.190000E+2
1.323056E+0	9.371046E+2	5.920000E+2
1.323039E+0	9.371164E+2	6.040000E+2
1.323023E+0	9.371283E+2	6.340000E+2
1.323006E+0	9.371401E+2	6.120000E+2
1.322989E+0	9.371519E+2	6.410000E+2
1.322972E+0	9.371638E+2	5.900000E+2
1.322956E+0	9.371756E+2	5.890000E+2
1.322939E+0	9.371874E+2	6.130000E+2
1.322922E+0	9.371993E+2	6.150000E+2
1.322906E+0	9.372111E+2	5.950000E+2
1.322889E+0	9.372229E+2	6.290000E+2
1.322872E+0	9.372348E+2	6.130000E+2
1.322856E+0	9.372466E+2	6.170000E+2
1.322839E+0	9.372584E+2	6.240000E+2
1.322822E+0	9.372703E+2	5.850000E+2
1.322805E+0	9.372821E+2	6.150000E+2
1.322789E+0	9.372939E+2	6.000000E+2
1.322772E+0	9.373058E+2	6.130000E+2
1.322755E+0	9.373176E+2	6.000000E+2
1.322739E+0	9.373294E+2	6.170000E+2
1.322722E+0	9.373413E+2	6.030000E+2
1.322705E+0	9.373531E+2	5.900000E+2
1.322689E+0	9.373649E+2	6.510000E+2
1.322672E+0	9.373768E+2	6.380000E+2
1.322655E+0	9.373886E+2	5.920000E+2
1.322638E+0	9.374004E+2	5.920000E+2
1.322622E+0	9.374123E+2	6.160000E+2
1.322605E+0	9.374241E+2	5.950000E+2
1.322588E+0	9.374359E+2	6.210000E+2
1.322572E+0	9.374478E+2	6.270000E+2
1.322555E+0	9.374596E+2	6.180000E+2
1.322538E+0	9.374714E+2	6.120000E+2
1.322522E+0	9.374833E+2	5.950000E+2
1.322505E+0	9.374951E+2	6.160000E+2
1.322488E+0	9.375069E+2	5.900000E+2
1.322472E+0	9.375188E+2	6.280000E+2
1.322455E+0	9.375306E+2	6.020000E+2
1.322438E+0	9.375424E+2	6.170000E+2
1.322421E+0	9.375543E+2	5.950000E+2
1.322405E+0	9.375661E+2	6.280000E+2
1.322388E+0	9.375779E+2	6.210000E+2
1.322371E+0	9.375898E+2	6.050000E+2
1.322355E+0	9.376016E+2	5.740000E+2
1.322338E+0	9.376134E+2	6.280000E+2
1.322321E+0	9.376253E+2	6.360000E+2
1.322305E+0	9.376371E+2	5.730000E+2
1.322288E+0	9.376489E+2	6.190000E+2
1.322271E+0	9.376608E+2	6.300000E+2
1.322255E+0	9.376726E+2	6.120000E+2
1.322238E+0	9.376844E+2	5.990000E+2
1.322221E+0	9.376963E+2	6.140000E+2
1.322205E+0	9.377081E+2	6.170000E+2
1.322188E+0	9.377199E+2	6.150000E+2
1.322171E+0	9.377318E+2	6.210000E+2
1.322154E+0	9.377436E+2	5.840000E+2
1.322138E+0	9.377554E+2	6.280000E+2
1.322121E+0	9.377673E+2	6.240000E+2
1.322104E+0	9.377791E+2	5.900000E+2
1.322088E+0	9.377909E+2	5.880000E+2
1.322071E+0	9.378028E+2	6.350000E+2
1.322054E+0	9.378146E+2	6.300000E+2
1.322038E+0	9.378264E+2	5.910000E+2
1.322021E+0	9.378383E+2	6.270000E+2
1.322004E+0	9.378501E+2	6.040000E+2
1.321988E+0	9.378619E+2	6.220000E+2
1.321971E+0	9.378738E+2	6.000000E+2
1.321954E+0	9.378856E+2	6.030000E+2
1.321938E+0	9.378974E+2	6.140000E+2
1.321921E+0	9.379093E+2	6.220000E+2
1.321904E+0	9.379211E+2	5.920000E+2
1.321888E+0	9.379329E+2	6.050000E+2
1.321871E+0	9.379448E+2	6.030000E+2
1.321854E+0	9.379566E+2	6.220000E+2
1.321838E+0	9.379684E+2	5.950000E+2
1.321821E+0	9.379803E+2	6.020000E+2
1.321804E+0	9.379921E+2	6.330000E+2
1.321788E+0	9.380039E+2	6.050000E+2
1.321771E+0	9.380158E+2	5.850000E+2
1.321754E+0	9.380276E+2	6.560000E+2
1.321738E+0	9.380394E+2	6.000000E+2
1.321721E+0	9.380512E+2	5.920000E+2
1.321704E+0	9.380631E+2	6.240000E+2
1.321688E+0	9.380749E+2	6.160000E+2
1.321671E+0	9.380867E+2	6.120000E+2
1.321654E+0	9.380986E+2	6.120000E+2
1.321637E+0	9.381104E+2	6.030000E+2
1.321621E+0	9.381222E+2	6.030000E+2
1.321604E+0	9.381341E+2	6.200000E+2
1.321587E+0	9.381459E+2	6.120000E+2
1.321571E+0	9.381577E+2	6.020000E+2
1.321554E+0	9.381696E+2	6.200000E+2
1.321537E+0	9.381814E+2	5.840000E+2
1.321521E+0	9.381932E+2	6.100000E+2
1.321504E+0	9.382051E+2	6.020000E+2
1.321487E+0	9.382169E+2	6.150000E+2
1.321471E+0	9.382287E+2	6.080000E+2
1.321454E+0	9.382406E+2	6.170000E+2
1.321437E+0	9.382524E+2	6.180000E+2
1.321421E+0	9.382642E+2	6.270000E+2
1.321404E+0	9.382761E+2	6.280000E+2
1.321387E+0	9.382879E+2	6.000000E+2
1.321371E+0	9.382997E+2	6.240000E+2
1.321354E+0	9.383116E+2	6.280000E+2
1.321337E+0	9.383234E+2	5.770000E+2
1.321321E+0	9.383352E+2	6.090000E+2
1.321304E+0	9.383471E+2	5.990000E+2
1.321288E+0	9.383589E+2	6.440000E+2
1.321271E+0	9.383707E+2	5.870000E+2
1.321254E+0	9.383826E+2	6.220000E+2
1.321238E+0	9.383944E+2	5.920000E+2
1.321221E+0	9.384062E+2	6.120000E+2
1.321204E+0	9.384181E+2	6.360000E+2
1.321188E+0	9.384299E+2	6.120000E+2
1.321171E+0	9.384417E+2	6.270000E+2
1.321154E+0	9.384536E+2	6.100000E+2
1.321138E+0	9.384654E+2	6.220000E+2
1.321121E+0	9.384772E+2	6.040000E+2
1.321104E+0	9.384891E+2	6.080000E+2
1.321088E+0	9.385009E+2	6.180000E+2
1.321071E+0	9.385127E+2	6.110000E+2
1.321054E+0	9.385246E+2	6.010000E+2
1.321038E+0	9.385364E+2	6.270000E+2
1.321021E+0	9.385482E+2	6.100000E+2
1.321004E+0	9.385601E+2	6.180000E+2
1.320988E+0	9.385719E+2	6.050000E+2
1.320971E+0	9.385837E+2	6.060000E+2
1.320954E+0	9.385956E+2	6.350000E+2
1.320938E+0	9.386074E+2	6.180000E+2
1.320921E+0	9.386192E+2	5.930000E+2
1.320904E+0	9.386311E+2	6.290000E+2
1.320888E+0	9.386429E+2	6.140000E+2
1.320871E+0	9.386547E+2	6.260000E+2
1.320854E+0	9.386666E+2	6.130000E+2
1.320838E+0	9.386784E+2	6.020000E+2
1.320821E+0	9.386902E+2	6.180000E+2
1.320804E+0	9.387021E+2	6.240000E+2
1.320788E+0	9.387139E+2	6.170000E+2
1.320771E+0	9.387257E+2	6.110000E+2
1.320755E+0	9.387376E+2	6.010000E+2
1.320738E+0	9.387494E+2	6.070000E+2
1.320721E+0	9.387612E+2	6.470000E+2
1.320705E+0	9.387731E+2	5.920000E+2
1.320688E+0	9.387849E+2	6.150000E+2
1.320671E+0	9.387967E+2	6.020000E+2
1.320655E+0	9.388086E+2	6.100000E+2
1.320638E+0	9.388204E+2	5.920000E+2
1.320621E+0	9.388322E+2	6.160000E+2
1.320605E+0	9.388441E+2	6.130000E+2
1.320588E+0	9.388559E+2	6.210000E+2
1.320571E+0	9.388677E+2	5.970000E+2
1.320555E+0	9.388796E+2	6.370000E+2
1.320538E+0	9.388914E+2	6.150000E+2
1.320522E+0	9.389032E+2	6.250000E+2
1.320505E+0	9.389151E+2	5.940000E+2
1.320488E+0	9.389269E+2	6.400000E+2
1.320472E+0	9.389387E+2	6.010000E+2
1.320455E+0	9.389506E+2	6.190000E+2
1.320438E+0	9.389624E+2	6.210000E+2
1.320422E+0	9.389742E+2	6.080000E+2
1.320405E+0	9.389861E+2	6.130000E+2
1.320388E+0	9.389979E+2	6.190000E+2
1.320372E+0	9.390097E+2	5.840000E+2
1.320355E+0	9.390216E+2	6.290000E+2
1.320338E+0	9.390334E+2	6.040000E+2
1.320322E+0	9.390452E+2	6.330000E+2
1.320305E+0	9.390571E+2	6.180000E+2
1.320289E+0	9.390689E+2	6.280000E+2
1.320272E+0	9.390807E+2	6.360000E+2
1.320255E+0	9.390926E+2	6.260000E+2
1.320239E+0	9.391044E+2	6.020000E+2
1.320222E+0	9.391162E+2	6.220000E+2
1.320205E+0	9.391281E+2	6.120000E+2
1.320189E+0	9.391399E+2	6.000000E+2
1.320172E+0	9.391517E+2	6.000000E+2
1.320155E+0	9.391636E+2	6.000000E+2
1.320139E+0	9.391754E+2	6.120000E+2
1.320122E+0	9.391872E+2	6.180000E+2
1.320106E+0	9.391991E+2	6.170000E+2
1.320089E+0	9.392109E+2	6.010000E+2
1.320072E+0	9.392227E+2	6.150000E+2
1.320056E+0	9.392346E+2	6.280000E+2
1.320039E+0	9.392464E+2	5.970000E+2
1.320022E+0	9.392582E+2	6.240000E+2
1.320006E+0	9.392700E+2	6.500000E+2
1.319989E+0	9.392819E+2	6.270000E+2
1.319973E+0	9.392937E+2	6.240000E+2
1.319956E+0	9.393055E+2	6.120000E+2
1.319939E+0	9.393174E+2	6.040000E+2
1.319923E+0	9.393292E+2	6.030000E+2
1.319906E+0	9.393410E+2	6.210000E+2
1.319889E+0	9.393529E+2	6.130000E+2
1.319873E+0	9.393647E+2	6.390000E+2
1.319856E+0	9.393765E+2	6.030000E+2
1.319840E+0	9.393884E+2	6.270000E+2
1.319823E+0	9.394002E+2	6.290000E+2
1.319806E+0	9.394120E+2	6.210000E+2
1.319790E+0	9.394239E+2	5.910000E+2
1.319773E+0	9.394357E+2	6.340000E+2
1.319756E+0	9.394475E+2	6.120000E+2
1.319740E+0	9.394594E+2	6.070000E+2
1.319723E+0	9.394712E+2	5.880000E+2
1.319707E+0	9.394830E+2	6.110000E+2
1.319690E+0	9.394949E+2	5.990000E+2
1.319673E+0	9.395067E+2	6.330000E+2
1.319657E+0	9.395185E+2	6.060000E+2
1.319640E+0	9.395304E+2	5.930000E+2
1.319623E+0	9.395422E+2	6.280000E+2
1.319607E+0	9.395540E+2	6.440000E+2
1.319590E+0	9.395659E+2	6.020000E+2
1.319574E+0	9.395777E+2	6.190000E+2
1.319557E+0	9.395895E+2	6.000000E+2
1.319540E+0	9.396014E+2	5.770000E+2
1.319524E+0	9.396132E+2	6.190000E+2
1.319507E+0	9.396250E+2	6.170000E+2
1.319490E+0	9.396369E+2	6.060000E+2
1.319474E+0	9.396487E+2	6.290000E+2
1.319457E+0	9.396605E+2	6.000000E+2
1.319441E+0	9.396724E+2	5.850000E+2
1.319424E+0	9.396842E+2	6.490000E+2
1.319407E+0	9.396960E+2	6.320000E+2
1.319391E+0	9.397079E+2	5.850000E+2
1.319374E+0	9.397197E+2	6.160000E+2
1.319358E+0	9.397315E+2	6.300000E+2
1.319341E+0	9.397434E+2	6.020000E+2
1.319324E+0	9.397552E+2	5.930000E+2
1.319308E+0	9.397670E+2	6.210000E+2
1.319291E+0	9.397789E+2	6.190000E+2
1.319274E+0	9.397907E+2	6.260000E+2
1.319258E+0	9.398025E+2	6.230000E+2
1.319241E+0	9.398144E+2	6.230000E+2
1.319225E+0	9.398262E+2	6.180000E+2
1.319208E+0	9.398380E+2	6.030000E+2
1.319191E+0	9.398499E+2	5.980000E+2
1.319175E+0	9.398617E+2	6.450000E+2
1.319158E+0	9.398735E+2	6.010000E+2
1.319142E+0	9.398854E+2	6.380000E+2
1.319125E+0	9.398972E+2	5.990000E+2
1.319108E+0	9.399090E+2	6.340000E+2
1.319092E+0	9.399209E+2	6.240000E+2
1.319075E+0	9.399327E+2	5.930000E+2
1.319059E+0	9.399445E+2	6.330000E+2
1.319042E+0	9.399564E+2	6.170000E+2
1.319025E+0	9.399682E+2	6.000000E+2
1.319009E+0	9.399800E+2	6.250000E+2
1.318992E+0	9.399919E+2	6.280000E+2
1.318976E+0	9.400037E+2	6.050000E+2
1.318959E+0	9.400155E+2	6.220000E+2
1.318942E+0	9.400274E+2	5.870000E+2
1.318926E+0	9.400392E+2	6.260000E+2
1.318909E+0	9.400510E+2	5.720000E+2
1.318893E+0	9.400629E+2	6.370000E+2
1.318876E+0	9.400747E+2	6.220000E+2
1.318859E+0	9.400865E+2	6.190000E+2
1.318843E+0	9.400984E+2	5.820000E+2
1.318826E+0	9.401102E+2	6.210000E+2
1.318810E+0	9.401220E+2	6.100000E+2
1.318793E+0	9.401339E+2	6.120000E+2
1.318776E+0	9.401457E+2	6.160000E+2
1.318760E+0	9.401575E+2	5.890000E+2
1.318743E+0	9.401694E+2	6.230000E+2
1.318727E+0	9.401812E+2	6.320000E+2
1.318710E+0	9.401930E+2	6.100000E+2
1.318693E+0	9.402049E+2	6.050000E+2
1.318677E+0	9.402167E+2	6.260000E+2
1.318660E+0	9.402285E+2	6.160000E+2
1.318644E+0	9.402404E+2	6.250000E+2
1.318627E+0	9.402522E+2	6.240000E+2
1.318610E+0	9.402640E+2	5.840000E+2
1.318594E+0	9.402759E+2	6.360000E+2
1.318577E+0	9.402877E+2	6.280000E+2
1.318561E+0	9.402995E+2	6.070000E+2
1.318544E+0	9.403114E+2	6.160000E+2
1.318527E+0	9.403232E+2	6.080000E+2
1.318511E+0	9.403350E+2	6.080000E+2
1.318494E+0	9.403469E+2	6.200000E+2
1.318478E+0	9.403587E+2	6.260000E+2
1.318461E+0	9.403705E+2	6.030000E+2
1.318444E+0	9.403824E+2	6.000000E+2
1.318428E+0	9.403942E+2	6.330000E+2
1.318411E+0	9.404060E+2	6.140000E+2
1.318395E+0	9.404178E+2	6.300000E+2
1.318378E+0	9.404297E+2	5.880000E+2
1.318362E+0	9.404415E+2	6.140000E+2
1.318345E+0	9.404533E+2	6.160000E+2
1.318328E+0	9.404652E+2	6.010000E+2
1.318312E+0	9.404770E+2	6.140000E+2
1.318295E+0	9.404888E+2	6.000000E+2
1.318279E+0	9.405007E+2	6.260000E+2
1.318262E+0	9.405125E+2	6.100000E+2
1.318245E+0	9.405243E+2	6.080000E+2
1.318229E+0	9.405362E+2	6.160000E+2
1.318212E+0	9.405480E+2	6.560000E+2
1.318196E+0	9.405598E+2	6.120000E+2
1.318179E+0	9.405717E+2	6.130000E+2
1.318162E+0	9.405835E+2	6.020000E+2
1.318146E+0	9.405953E+2	6.250000E+2
1.318129E+0	9.406072E+2	6.010000E+2
1.318113E+0	9.406190E+2	6.110000E+2
1.318096E+0	9.406308E+2	6.360000E+2
1.318080E+0	9.406427E+2	6.170000E+2
1.318063E+0	9.406545E+2	6.000000E+2
1.318046E+0	9.406663E+2	6.090000E+2
1.318030E+0	9.406782E+2	6.440000E+2
1.318013E+0	9.406900E+2	5.860000E+2
1.317997E+0	9.407018E+2	6.330000E+2
1.317980E+0	9.407137E+2	6.030000E+2
1.317964E+0	9.407255E+2	5.880000E+2
1.317947E+0	9.407373E+2	6.310000E+2
1.317930E+0	9.407492E+2	6.340000E+2
1.317914E+0	9.407610E+2	6.060000E+2
1.317897E+0	9.407728E+2	5.930000E+2
1.317881E+0	9.407847E+2	6.460000E+2
1.317864E+0	9.407965E+2	5.940000E+2
1.317847E+0	9.408083E+2	6.460000E+2
1.317831E+0	9.408202E+2	5.950000E+2
1.317814E+0	9.408320E+2	6.090000E+2
1.317798E+0	9.408438E+2	6.280000E+2
1.317781E+0	9.408557E+2	5.980000E+2
1.317765E+0	9.408675E+2	6.330000E+2
1.317748E+0	9.408793E+2	6.170000E+2
1.317731E+0	9.408912E+2	6.230000E+2
1.317715E+0	9.409030E+2	6.100000E+2
1.317698E+0	9.409148E+2	6.450000E+2
1.317682E+0	9.409267E+2	5.890000E+2
1.317665E+0	9.409385E+2	6.280000E+2
1.317649E+0	9.409503E+2	6.210000E+2
1.317632E+0	9.409622E+2	6.170000E+2
1.317615E+0	9.409740E+2	6.180000E+2
1.317599E+0	9.409858E+2	6.350000E+2
1.317582E+0	9.409977E+2	5.980000E+2
1.317566E+0	9.410095E+2	6.250000E+2
1.317549E+0	9.410213E+2	6.360000E+2
1.317533E+0	9.410332E+2	6.030000E+2
1.317516E+0	9.410450E+2	6.110000E+2
1.317499E+0	9.410568E+2	6.260000E+2
1.317483E+0	9.410687E+2	6.460000E+2
