tau (s) g^2(tau) - HBT Measurement
tau (s) - none Fit g^2(tau) - none Fit
-0.0000000503542 1.1439400000000 -0.0000000503542 1.0000000000000
-0.0000000501923 1.1757100000000 -0.0000000501923 1.0000000000000
-0.0000000500304 1.0168300000000 -0.0000000500304 1.0000000000000
-0.0000000498684 1.0486100000000 -0.0000000498684 1.0000000000000
-0.0000000497065 0.8261760000000 -0.0000000497065 1.0000000000000
-0.0000000495446 1.0168300000000 -0.0000000495446 1.0000000000000
-0.0000000493827 0.7308480000000 -0.0000000493827 1.0000000000000
-0.0000000492208 1.2074900000000 -0.0000000492208 1.0000000000000
-0.0000000490589 0.6672960000000 -0.0000000490589 1.0000000000000
-0.0000000488970 1.0168300000000 -0.0000000488970 1.0000000000000
-0.0000000487351 0.9850560000000 -0.0000000487351 1.0000000000000
-0.0000000485732 1.3663700000000 -0.0000000485732 1.0000000000000
-0.0000000484113 1.2074900000000 -0.0000000484113 1.0000000000000
-0.0000000482493 0.7308480000000 -0.0000000482493 1.0000000000000
-0.0000000480874 0.9215040000000 -0.0000000480874 1.0000000000000
-0.0000000479255 1.0168300000000 -0.0000000479255 1.0000000000000
-0.0000000477636 0.8579520000000 -0.0000000477636 1.0000000000000
-0.0000000476017 1.2074900000000 -0.0000000476017 1.0000000000000
-0.0000000474398 0.9215040000000 -0.0000000474398 1.0000000000000
-0.0000000472779 1.0486100000000 -0.0000000472779 1.0000000000000
-0.0000000471160 1.1757100000000 -0.0000000471160 1.0000000000000
-0.0000000469541 0.9850560000000 -0.0000000469541 1.0000000000000
-0.0000000467921 1.2710400000000 -0.0000000467921 1.0000000000000
-0.0000000466302 1.1757100000000 -0.0000000466302 1.0000000000000
-0.0000000464683 0.9850560000000 -0.0000000464683 1.0000000000000
-0.0000000463064 0.7626240000000 -0.0000000463064 1.0000000000000
-0.0000000461445 0.7944000000000 -0.0000000461445 1.0000000000000
-0.0000000459826 0.7944000000000 -0.0000000459826 1.0000000000000
-0.0000000458207 0.8579520000000 -0.0000000458207 1.0000000000000
-0.0000000456588 0.9850560000000 -0.0000000456588 1.0000000000000
-0.0000000454969 1.0168300000000 -0.0000000454969 1.0000000000000
-0.0000000453350 1.1757100000000 -0.0000000453350 1.0000000000000
-0.0000000451730 1.0803800000000 -0.0000000451730 1.0000000000000
-0.0000000450111 1.1439400000000 -0.0000000450111 1.0000000000000
-0.0000000448492 0.9850560000000 -0.0000000448492 1.0000000000000
-0.0000000446873 0.9532800000000 -0.0000000446873 1.0000000000000
-0.0000000445254 0.7944000000000 -0.0000000445254 1.0000000000000
-0.0000000443635 0.9850560000000 -0.0000000443635 1.0000000000000
-0.0000000442016 1.0486100000000 -0.0000000442016 1.0000000000000
-0.0000000440397 0.9850560000000 -0.0000000440397 1.0000000000000
-0.0000000438778 1.3028200000000 -0.0000000438778 1.0000000000000
-0.0000000437158 1.2710400000000 -0.0000000437158 1.0000000000000
-0.0000000435539 1.0803800000000 -0.0000000435539 1.0000000000000
-0.0000000433920 0.9532800000000 -0.0000000433920 1.0000000000000
-0.0000000432301 0.9532800000000 -0.0000000432301 1.0000000000000
-0.0000000430682 0.9850560000000 -0.0000000430682 1.0000000000000
-0.0000000429063 1.1121600000000 -0.0000000429063 1.0000000000000
-0.0000000427444 1.0803800000000 -0.0000000427444 1.0000000000000
-0.0000000425825 1.4617000000000 -0.0000000425825 1.0000000000000
-0.0000000424206 0.7308480000000 -0.0000000424206 1.0000000000000
-0.0000000422587 0.9850560000000 -0.0000000422587 1.0000000000000
-0.0000000420967 0.6672960000000 -0.0000000420967 1.0000000000000
-0.0000000419348 0.9850560000000 -0.0000000419348 1.0000000000000
-0.0000000417729 1.2710400000000 -0.0000000417729 1.0000000000000
-0.0000000416110 0.9532800000000 -0.0000000416110 1.0000000000000
-0.0000000414491 1.1439400000000 -0.0000000414491 1.0000000000000
-0.0000000412872 1.0803800000000 -0.0000000412872 1.0000000000000
-0.0000000411253 1.0168300000000 -0.0000000411253 1.0000000000000
-0.0000000409634 1.3028200000000 -0.0000000409634 1.0000000000000
-0.0000000408015 0.8261760000000 -0.0000000408015 1.0000000000000
-0.0000000406395 0.6672960000000 -0.0000000406395 1.0000000000000
-0.0000000404776 1.0486100000000 -0.0000000404776 1.0000000000000
-0.0000000403157 1.2710400000000 -0.0000000403157 1.0000000000000
-0.0000000401538 1.0486100000000 -0.0000000401538 1.0000000000000
-0.0000000399919 1.0168300000000 -0.0000000399919 1.0000000000000
-0.0000000398300 1.0168300000000 -0.0000000398300 1.0000000000000
-0.0000000396681 0.9215040000000 -0.0000000396681 1.0000000000000
-0.0000000395062 0.8579520000000 -0.0000000395062 1.0000000000000
-0.0000000393443 0.7626240000000 -0.0000000393443 1.0000000000000
-0.0000000391824 0.8261760000000 -0.0000000391824 1.0000000000000
-0.0000000390204 1.0168300000000 -0.0000000390204 1.0000000000000
-0.0000000388585 0.9215040000000 -0.0000000388585 1.0000000000000
-0.0000000386966 1.1121600000000 -0.0000000386966 1.0000000000000
-0.0000000385347 1.0168300000000 -0.0000000385347 1.0000000000000
-0.0000000383728 0.9850560000000 -0.0000000383728 1.0000000000000
-0.0000000382109 0.6037440000000 -0.0000000382109 1.0000000000000
-0.0000000380490 1.0803800000000 -0.0000000380490 1.0000000000000
-0.0000000378871 0.7626240000000 -0.0000000378871 1.0000000000000
-0.0000000377252 0.8579520000000 -0.0000000377252 1.0000000000000
-0.0000000375632 0.6672960000000 -0.0000000375632 1.0000000000000
-0.0000000374013 1.3663700000000 -0.0000000374013 1.0000000000000
-0.0000000372394 1.1439400000000 -0.0000000372394 1.0000000000000
-0.0000000370775 1.0168300000000 -0.0000000370775 1.0000000000000
-0.0000000369156 1.0803800000000 -0.0000000369156 1.0000000000000
-0.0000000367537 1.1121600000000 -0.0000000367537 1.0000000000000
-0.0000000365918 1.0803800000000 -0.0000000365918 1.0000000000000
-0.0000000364299 1.0486100000000 -0.0000000364299 1.0000000000000
-0.0000000362680 0.8261760000000 -0.0000000362680 1.0000000000000
-0.0000000361061 0.9850560000000 -0.0000000361061 1.0000000000000
-0.0000000359441 1.0486100000000 -0.0000000359441 1.0000000000000
-0.0000000357822 0.8579520000000 -0.0000000357822 1.0000000000000
-0.0000000356203 0.7944000000000 -0.0000000356203 1.0000000000000
-0.0000000354584 1.1121600000000 -0.0000000354584 1.0000000000000
-0.0000000352965 1.2710400000000 -0.0000000352965 1.0000000000000
-0.0000000351346 0.7944000000000 -0.0000000351346 1.0000000000000
-0.0000000349727 0.7944000000000 -0.0000000349727 1.0000000000000
-0.0000000348108 0.7944000000000 -0.0000000348108 1.0000000000000
-0.0000000346489 1.0803800000000 -0.0000000346489 1.0000000000000
-0.0000000344869 1.3981400000000 -0.0000000344869 1.0000000000000
-0.0000000343250 1.1439400000000 -0.0000000343250 1.0000000000000
-0.0000000341631 0.9215040000000 -0.0000000341631 1.0000000000000
-0.0000000340012 0.8261760000000 -0.0000000340012 1.0000000000000
-0.0000000338393 0.9215040000000 -0.0000000338393 1.0000000000000
-0.0000000336774 1.1121600000000 -0.0000000336774 1.0000000000000
-0.0000000335155 1.2074900000000 -0.0000000335155 1.0000000000000
-0.0000000333536 1.0486100000000 -0.0000000333536 1.0000000000000
-0.0000000331917 1.1121600000000 -0.0000000331917 1.0000000000000
-0.0000000330298 1.2074900000000 -0.0000000330298 1.0000000000000
-0.0000000328678 0.9215040000000 -0.0000000328678 1.0000000000000
-0.0000000327059 1.0486100000000 -0.0000000327059 1.0000000000000
-0.0000000325440 0.7944000000000 -0.0000000325440 1.0000000000000
-0.0000000323821 0.9850560000000 -0.0000000323821 1.0000000000000
-0.0000000322202 1.2392600000000 -0.0000000322202 1.0000000000000
-0.0000000320583 1.1757100000000 -0.0000000320583 1.0000000000000
-0.0000000318964 1.0486100000000 -0.0000000318964 1.0000000000000
-0.0000000317345 1.0486100000000 -0.0000000317345 1.0000000000000
-0.0000000315726 0.9532800000000 -0.0000000315726 1.0000000000000
-0.0000000314106 1.4299200000000 -0.0000000314106 1.0000000000000
-0.0000000312487 0.8897280000000 -0.0000000312487 1.0000000000000
-0.0000000310868 1.0168300000000 -0.0000000310868 1.0000000000000
-0.0000000309249 1.0803800000000 -0.0000000309249 1.0000000000000
-0.0000000307630 1.2074900000000 -0.0000000307630 1.0000000000000
-0.0000000306011 1.1757100000000 -0.0000000306011 1.0000000000000
-0.0000000304392 1.0803800000000 -0.0000000304392 1.0000000000000
-0.0000000302773 0.9850560000000 -0.0000000302773 1.0000000000000
-0.0000000301154 1.0803800000000 -0.0000000301154 1.0000000000000
-0.0000000299535 0.7308480000000 -0.0000000299535 1.0000000000000
-0.0000000297915 0.8261760000000 -0.0000000297915 1.0000000000000
-0.0000000296296 1.0168300000000 -0.0000000296296 1.0000000000000
-0.0000000294677 1.2074900000000 -0.0000000294677 1.0000000000000
-0.0000000293058 1.0486100000000 -0.0000000293058 1.0000000000000
-0.0000000291439 0.8897280000000 -0.0000000291439 1.0000000000000
-0.0000000289820 1.3028200000000 -0.0000000289820 1.0000000000000
-0.0000000288201 0.9532800000000 -0.0000000288201 1.0000000000000
-0.0000000286582 1.0803800000000 -0.0000000286582 1.0000000000000
-0.0000000284963 0.7308480000000 -0.0000000284963 1.0000000000000
-0.0000000283343 0.8579520000000 -0.0000000283343 1.0000000000000
-0.0000000281724 0.7626240000000 -0.0000000281724 1.0000000000000
-0.0000000280105 1.1121600000000 -0.0000000280105 1.0000000000000
-0.0000000278486 0.8897280000000 -0.0000000278486 1.0000000000000
-0.0000000276867 1.1121600000000 -0.0000000276867 1.0000000000000
-0.0000000275248 0.9215040000000 -0.0000000275248 1.0000000000000
-0.0000000273629 1.0803800000000 -0.0000000273629 1.0000000000000
-0.0000000272010 0.7944000000000 -0.0000000272010 1.0000000000000
-0.0000000270391 1.0168300000000 -0.0000000270391 1.0000000000000
-0.0000000268772 0.9532800000000 -0.0000000268772 1.0000000000000
-0.0000000267152 1.2710400000000 -0.0000000267152 1.0000000000000
-0.0000000265533 0.6355200000000 -0.0000000265533 1.0000000000000
-0.0000000263914 0.9532800000000 -0.0000000263914 1.0000000000000
-0.0000000262295 1.3028200000000 -0.0000000262295 1.0000000000000
-0.0000000260676 1.1121600000000 -0.0000000260676 1.0000000000000
-0.0000000259057 0.7626240000000 -0.0000000259057 1.0000000000000
-0.0000000257438 0.7308480000000 -0.0000000257438 1.0000000000000
-0.0000000255819 1.1121600000000 -0.0000000255819 1.0000000000000
-0.0000000254200 1.0486100000000 -0.0000000254200 1.0000000000000
-0.0000000252580 0.8897280000000 -0.0000000252580 1.0000000000000
-0.0000000250961 1.2074900000000 -0.0000000250961 1.0000000000000
-0.0000000249342 0.9215040000000 -0.0000000249342 1.0000000000000
-0.0000000247723 0.9215040000000 -0.0000000247723 1.0000000000000
-0.0000000246104 1.1121600000000 -0.0000000246104 1.0000000000000
-0.0000000244485 1.0168300000000 -0.0000000244485 1.0000000000000
-0.0000000242866 1.2392600000000 -0.0000000242866 1.0000000000000
-0.0000000241247 0.9532800000000 -0.0000000241247 1.0000000000000
-0.0000000239628 1.2710400000000 -0.0000000239628 1.0000000000000
-0.0000000238009 0.8579520000000 -0.0000000238009 1.0000000000000
-0.0000000236389 1.3981400000000 -0.0000000236389 1.0000000000000
-0.0000000234770 0.8261760000000 -0.0000000234770 1.0000000000000
-0.0000000233151 0.7626240000000 -0.0000000233151 1.0000000000000
-0.0000000231532 0.5401920000000 -0.0000000231532 1.0000000000000
-0.0000000229913 0.9532800000000 -0.0000000229913 1.0000000000000
-0.0000000228294 1.0486100000000 -0.0000000228294 1.0000000000000
-0.0000000226675 0.9532800000000 -0.0000000226675 1.0000000000000
-0.0000000225056 1.3028200000000 -0.0000000225056 1.0000000000000
-0.0000000223437 0.9850560000000 -0.0000000223437 1.0000000000000
-0.0000000221817 1.2710400000000 -0.0000000221817 1.0000000000000
-0.0000000220198 1.1121600000000 -0.0000000220198 1.0000000000000
-0.0000000218579 0.7944000000000 -0.0000000218579 1.0000000000000
-0.0000000216960 0.7626240000000 -0.0000000216960 1.0000000000000
-0.0000000215341 0.9532800000000 -0.0000000215341 1.0000000000000
-0.0000000213722 0.9532800000000 -0.0000000213722 1.0000000000000
-0.0000000212103 0.6990720000000 -0.0000000212103 1.0000000000000
-0.0000000210484 1.1121600000000 -0.0000000210484 1.0000000000000
-0.0000000208865 1.3663700000000 -0.0000000208865 1.0000000000000
-0.0000000207245 0.9215040000000 -0.0000000207245 1.0000000000000
-0.0000000205626 0.9532800000000 -0.0000000205626 1.0000000000000
-0.0000000204007 1.0486100000000 -0.0000000204007 1.0000000000000
-0.0000000202388 0.9532800000000 -0.0000000202388 1.0000000000000
-0.0000000200769 1.1121600000000 -0.0000000200769 1.0000000000000
-0.0000000199150 1.1439400000000 -0.0000000199150 1.0000000000000
-0.0000000197531 1.3028200000000 -0.0000000197531 1.0000000000000
-0.0000000195912 0.9850560000000 -0.0000000195912 1.0000000000000
-0.0000000194293 0.9532800000000 -0.0000000194293 1.0000000000000
-0.0000000192674 1.1757100000000 -0.0000000192674 1.0000000000000
-0.0000000191054 1.4299200000000 -0.0000000191054 1.0000000000000
-0.0000000189435 1.1121600000000 -0.0000000189435 1.0000000000000
-0.0000000187816 0.9215040000000 -0.0000000187816 1.0000000000000
-0.0000000186197 0.9215040000000 -0.0000000186197 1.0000000000000
-0.0000000184578 1.0168300000000 -0.0000000184578 1.0000000000000
-0.0000000182959 0.6990720000000 -0.0000000182959 1.0000000000000
-0.0000000181340 1.2392600000000 -0.0000000181340 1.0000000000000
-0.0000000179721 1.0486100000000 -0.0000000179721 1.0000000000000
-0.0000000178102 0.8579520000000 -0.0000000178102 1.0000000000000
-0.0000000176482 1.1439400000000 -0.0000000176482 1.0000000000000
-0.0000000174863 1.1121600000000 -0.0000000174863 1.0000000000000
-0.0000000173244 0.7944000000000 -0.0000000173244 1.0000000000000
-0.0000000171625 1.0168300000000 -0.0000000171625 1.0000000000000
-0.0000000170006 1.0168300000000 -0.0000000170006 1.0000000000000
-0.0000000168387 1.0168300000000 -0.0000000168387 1.0000000000000
-0.0000000166768 1.0168300000000 -0.0000000166768 1.0000000000000
-0.0000000165149 1.0486100000000 -0.0000000165149 1.0000000000000
-0.0000000163530 0.7626240000000 -0.0000000163530 1.0000000000000
-0.0000000161911 1.2392600000000 -0.0000000161911 1.0000000000000
-0.0000000160291 0.7308480000000 -0.0000000160291 1.0000000000000
-0.0000000158672 1.2074900000000 -0.0000000158672 1.0000000000000
-0.0000000157053 1.0486100000000 -0.0000000157053 1.0000000000000
-0.0000000155434 0.9215040000000 -0.0000000155434 1.0000000000000
-0.0000000153815 1.1439400000000 -0.0000000153815 1.0000000000000
-0.0000000152196 0.8579520000000 -0.0000000152196 1.0000000000000
-0.0000000150577 1.3345900000000 -0.0000000150577 1.0000000000000
-0.0000000148958 1.3981400000000 -0.0000000148958 1.0000000000000
-0.0000000147339 1.0803800000000 -0.0000000147339 1.0000000000000
-0.0000000145719 1.1121600000000 -0.0000000145719 1.0000000000000
-0.0000000144100 1.1121600000000 -0.0000000144100 1.0000000000000
-0.0000000142481 1.0168300000000 -0.0000000142481 1.0000000000000
-0.0000000140862 1.0803800000000 -0.0000000140862 1.0000000000000
-0.0000000139243 0.9850560000000 -0.0000000139243 1.0000000000000
-0.0000000137624 0.9850560000000 -0.0000000137624 1.0000000000000
-0.0000000136005 1.1757100000000 -0.0000000136005 1.0000000000000
-0.0000000134386 1.0168300000000 -0.0000000134386 1.0000000000000
-0.0000000132767 1.4299200000000 -0.0000000132767 1.0000000000000
-0.0000000131148 1.0486100000000 -0.0000000131148 1.0000000000000
-0.0000000129528 0.9215040000000 -0.0000000129528 1.0000000000000
-0.0000000127909 1.2074900000000 -0.0000000127909 1.0000000000000
-0.0000000126290 1.1121600000000 -0.0000000126290 1.0000000000000
-0.0000000124671 0.9532800000000 -0.0000000124671 1.0000000000000
-0.0000000123052 1.0168300000000 -0.0000000123052 1.0000000000000
-0.0000000121433 1.1121600000000 -0.0000000121433 1.0000000000000
-0.0000000119814 0.7944000000000 -0.0000000119814 1.0000000000000
-0.0000000118195 0.9532800000000 -0.0000000118195 1.0000000000000
-0.0000000116576 0.7944000000000 -0.0000000116576 1.0000000000000
-0.0000000114956 0.9215040000000 -0.0000000114956 1.0000000000000
-0.0000000113337 1.0803800000000 -0.0000000113337 1.0000000000000
-0.0000000111718 0.8261760000000 -0.0000000111718 1.0000000000000
-0.0000000110099 0.8897280000000 -0.0000000110099 1.0000000000000
-0.0000000108480 0.9850560000000 -0.0000000108480 1.0000000000000
-0.0000000106861 0.9215040000000 -0.0000000106861 1.0000000000000
-0.0000000105242 0.7626240000000 -0.0000000105242 1.0000000000000
-0.0000000103623 0.8579520000000 -0.0000000103623 1.0000000000000
-0.0000000102004 1.1121600000000 -0.0000000102004 1.0000000000000
-0.0000000100385 0.9532800000000 -0.0000000100385 1.0000000000000
-0.0000000098765 0.8261760000000 -0.0000000098765 1.0000000000000
-0.0000000097146 1.0803800000000 -0.0000000097146 1.0000000000000
-0.0000000095527 1.1757100000000 -0.0000000095527 1.0000000000000
-0.0000000093908 1.2392600000000 -0.0000000093908 1.0000000000000
-0.0000000092289 1.1121600000000 -0.0000000092289 1.0000000000000
-0.0000000090670 0.8897280000000 -0.0000000090670 1.0000000000000
-0.0000000089051 1.0486100000000 -0.0000000089051 1.0000000000000
-0.0000000087432 1.2392600000000 -0.0000000087432 1.0000000000000
-0.0000000085813 0.8579520000000 -0.0000000085813 1.0000000000000
-0.0000000084193 0.8261760000000 -0.0000000084193 1.0000000000000
-0.0000000082574 0.6672960000000 -0.0000000082574 1.0000000000000
-0.0000000080955 0.6355200000000 -0.0000000080955 1.0000000000000
-0.0000000079336 1.3345900000000 -0.0000000079336 1.0000000000000
-0.0000000077717 0.8897280000000 -0.0000000077717 1.0000000000000
-0.0000000076098 0.9532800000000 -0.0000000076098 1.0000000000000
-0.0000000074479 0.8261760000000 -0.0000000074479 1.0000000000000
-0.0000000072860 1.3028200000000 -0.0000000072860 1.0000000000000
-0.0000000071241 0.9215040000000 -0.0000000071241 1.0000000000000
-0.0000000069622 0.9532800000000 -0.0000000069622 1.0000000000000
-0.0000000068002 0.8579520000000 -0.0000000068002 1.0000000000000
-0.0000000066383 0.9850560000000 -0.0000000066383 1.0000000000000
-0.0000000064764 1.0803800000000 -0.0000000064764 1.0000000000000
-0.0000000063145 0.7308480000000 -0.0000000063145 1.0000000000000
-0.0000000061526 1.1439400000000 -0.0000000061526 1.0000000000000
-0.0000000059907 1.2074900000000 -0.0000000059907 1.0000000000000
-0.0000000058288 0.6355200000000 -0.0000000058288 1.0000000000000
-0.0000000056669 0.8261760000000 -0.0000000056669 1.0000000000000
-0.0000000055050 0.9215040000000 -0.0000000055050 1.0000000000000
-0.0000000053430 0.9215040000000 -0.0000000053430 1.0000000000000
-0.0000000051811 0.8261760000000 -0.0000000051811 1.0000000000000
-0.0000000050192 0.7308480000000 -0.0000000050192 1.0000000000000
-0.0000000048573 1.0803800000000 -0.0000000048573 1.0000000000000
-0.0000000046954 1.1757100000000 -0.0000000046954 1.0000000000000
-0.0000000045335 1.1121600000000 -0.0000000045335 1.0000000000000
-0.0000000043716 0.8897280000000 -0.0000000043716 1.0000000000000
-0.0000000042097 0.8579520000000 -0.0000000042097 1.0000000000000
-0.0000000040478 0.7944000000000 -0.0000000040478 1.0000000000000
-0.0000000038859 0.7944000000000 -0.0000000038859 1.0000000000000
-0.0000000037239 1.0168300000000 -0.0000000037239 1.0000000000000
-0.0000000035620 1.1439400000000 -0.0000000035620 1.0000000000000
-0.0000000034001 0.7626240000000 -0.0000000034001 1.0000000000000
-0.0000000032382 0.8897280000000 -0.0000000032382 1.0000000000000
-0.0000000030763 0.7944000000000 -0.0000000030763 1.0000000000000
-0.0000000029144 0.8261760000000 -0.0000000029144 1.0000000000000
-0.0000000027525 1.3028200000000 -0.0000000027525 1.0000000000000
-0.0000000025906 1.1757100000000 -0.0000000025906 1.0000000000000
-0.0000000024287 0.9215040000000 -0.0000000024287 1.0000000000000
-0.0000000022667 0.7944000000000 -0.0000000022667 1.0000000000000
-0.0000000021048 0.9532800000000 -0.0000000021048 1.0000000000000
-0.0000000019429 0.7944000000000 -0.0000000019429 1.0000000000000
-0.0000000017810 1.1439400000000 -0.0000000017810 1.0000000000000
-0.0000000016191 1.2392600000000 -0.0000000016191 1.0000000000000
-0.0000000014572 1.1121600000000 -0.0000000014572 1.0000000000000
-0.0000000012953 1.0803800000000 -0.0000000012953 1.0000000000000
-0.0000000011334 0.9215040000000 -0.0000000011334 1.0000000000000
-0.0000000009715 0.8579520000000 -0.0000000009715 1.0000000000000
-0.0000000008096 0.9850560000000 -0.0000000008096 1.0000000000000
-0.0000000006476 1.1121600000000 -0.0000000006476 1.0000000000000
-0.0000000004857 1.0168300000000 -0.0000000004857 1.0000000000000
-0.0000000003238 0.9215040000000 -0.0000000003238 1.0000000000000
-0.0000000001619 1.3345900000000 -0.0000000001619 1.0000000000000
0.0000000000000 1.1121600000000 0.0000000000000 1.0000000000000
0.0000000001619 0.9215040000000 0.0000000001619 1.0000000000000
0.0000000003238 1.0486100000000 0.0000000003238 1.0000000000000
0.0000000004857 1.2074900000000 0.0000000004857 1.0000000000000
0.0000000006476 1.3345900000000 0.0000000006476 1.0000000000000
0.0000000008096 0.9850560000000 0.0000000008096 1.0000000000000
0.0000000009715 1.1121600000000 0.0000000009715 1.0000000000000
0.0000000011334 0.9850560000000 0.0000000011334 1.0000000000000
0.0000000012953 1.1757100000000 0.0000000012953 1.0000000000000
0.0000000014572 0.8897280000000 0.0000000014572 1.0000000000000
0.0000000016191 1.2074900000000 0.0000000016191 1.0000000000000
0.0000000017810 1.0168300000000 0.0000000017810 1.0000000000000
0.0000000019429 0.9532800000000 0.0000000019429 1.0000000000000
0.0000000021048 1.1757100000000 0.0000000021048 1.0000000000000
0.0000000022667 1.2074900000000 0.0000000022667 1.0000000000000
0.0000000024287 1.4299200000000 0.0000000024287 1.0000000000000
0.0000000025906 1.3345900000000 0.0000000025906 1.0000000000000
0.0000000027525 1.6205800000000 0.0000000027525 1.0000000000000
0.0000000029144 1.9065600000000 0.0000000029144 1.0000000000000
0.0000000030763 1.3981400000000 0.0000000030763 1.0000000000000
0.0000000032382 1.7794600000000 0.0000000032382 1.0000000000000
0.0000000034001 1.4934700000000 0.0000000034001 1.0000000000000
0.0000000035620 1.6523500000000 0.0000000035620 1.0000000000000
0.0000000037239 1.9701100000000 0.0000000037239 1.0000000000000
0.0000000038859 2.3514200000000 0.0000000038859 1.0000000000000
0.0000000040478 2.1607700000000 0.0000000040478 1.0000000000000
0.0000000042097 2.7327400000000 0.0000000042097 1.0000000000000
0.0000000043716 1.9701100000000 0.0000000043716 1.0000000000000
0.0000000045335 3.0187200000000 0.0000000045335 1.0000000000000
0.0000000046954 2.1925400000000 0.0000000046954 1.0000000000000
0.0000000048573 2.5738600000000 0.0000000048573 1.0000000000000
0.0000000050192 2.1289900000000 0.0000000050192 1.0000000000000
0.0000000051811 2.0654400000000 0.0000000051811 1.0000000000000
0.0000000053430 2.1607700000000 0.0000000053430 1.0000000000000
0.0000000055050 1.5888000000000 0.0000000055050 1.0000000000000
0.0000000056669 2.4149800000000 0.0000000056669 1.0000000000000
0.0000000058288 2.7327400000000 0.0000000058288 1.0000000000000
0.0000000059907 2.3196500000000 0.0000000059907 1.0000000000000
0.0000000061526 2.7327400000000 0.0000000061526 1.0000000000000
0.0000000063145 2.5103000000000 0.0000000063145 1.0000000000000
0.0000000064764 3.0505000000000 0.0000000064764 1.0000000000000
0.0000000066383 4.0991000000000 0.0000000066383 1.0000000000000
0.0000000068002 3.6542400000000 0.0000000068002 1.0000000000000
0.0000000069622 4.1944300000000 0.0000000069622 1.0000000000000
0.0000000071241 3.0822700000000 0.0000000071241 1.0000000000000
0.0000000072860 2.7009600000000 0.0000000072860 1.0000000000000
0.0000000074479 2.3196500000000 0.0000000074479 1.0000000000000
0.0000000076098 2.3832000000000 0.0000000076098 1.0000000000000
0.0000000077717 1.8747800000000 0.0000000077717 1.0000000000000
0.0000000079336 1.9383400000000 0.0000000079336 1.0000000000000
0.0000000080955 1.6841300000000 0.0000000080955 1.0000000000000
0.0000000082574 1.7159000000000 0.0000000082574 1.0000000000000
0.0000000084193 2.1607700000000 0.0000000084193 1.0000000000000
0.0000000085813 1.6841300000000 0.0000000085813 1.0000000000000
0.0000000087432 1.7794600000000 0.0000000087432 1.0000000000000
0.0000000089051 2.1289900000000 0.0000000089051 1.0000000000000
0.0000000090670 2.1925400000000 0.0000000090670 1.0000000000000
0.0000000092289 2.3832000000000 0.0000000092289 1.0000000000000
0.0000000093908 1.9383400000000 0.0000000093908 1.0000000000000
0.0000000095527 1.9065600000000 0.0000000095527 1.0000000000000
0.0000000097146 1.8747800000000 0.0000000097146 1.0000000000000
0.0000000098765 1.9065600000000 0.0000000098765 1.0000000000000
0.0000000100385 1.4934700000000 0.0000000100385 1.0000000000000
0.0000000102004 1.3663700000000 0.0000000102004 1.0000000000000
0.0000000103623 1.1439400000000 0.0000000103623 1.0000000000000
0.0000000105242 1.3663700000000 0.0000000105242 1.0000000000000
0.0000000106861 1.6523500000000 0.0000000106861 1.0000000000000
0.0000000108480 1.1121600000000 0.0000000108480 1.0000000000000
0.0000000110099 1.0803800000000 0.0000000110099 1.0000000000000
0.0000000111718 0.9850560000000 0.0000000111718 1.0000000000000
0.0000000113337 0.9532800000000 0.0000000113337 1.0000000000000
0.0000000114956 0.9215040000000 0.0000000114956 1.0000000000000
0.0000000116576 1.1121600000000 0.0000000116576 1.0000000000000
0.0000000118195 0.9532800000000 0.0000000118195 1.0000000000000
0.0000000119814 0.9215040000000 0.0000000119814 1.0000000000000
0.0000000121433 1.0168300000000 0.0000000121433 1.0000000000000
0.0000000123052 0.7944000000000 0.0000000123052 1.0000000000000
0.0000000124671 1.2074900000000 0.0000000124671 1.0000000000000
0.0000000126290 0.9215040000000 0.0000000126290 1.0000000000000
0.0000000127909 0.9850560000000 0.0000000127909 1.0000000000000
0.0000000129528 1.2074900000000 0.0000000129528 1.0000000000000
0.0000000131148 1.3345900000000 0.0000000131148 1.0000000000000
0.0000000132767 0.9215040000000 0.0000000132767 1.0000000000000
0.0000000134386 1.0168300000000 0.0000000134386 1.0000000000000
0.0000000136005 1.0803800000000 0.0000000136005 1.0000000000000
0.0000000137624 0.9532800000000 0.0000000137624 1.0000000000000
0.0000000139243 1.2074900000000 0.0000000139243 1.0000000000000
0.0000000140862 1.0486100000000 0.0000000140862 1.0000000000000
0.0000000142481 1.2710400000000 0.0000000142481 1.0000000000000
0.0000000144100 1.0168300000000 0.0000000144100 1.0000000000000
0.0000000145719 1.3345900000000 0.0000000145719 1.0000000000000
0.0000000147339 0.9850560000000 0.0000000147339 1.0000000000000
0.0000000148958 1.2074900000000 0.0000000148958 1.0000000000000
0.0000000150577 1.1757100000000 0.0000000150577 1.0000000000000
0.0000000152196 0.7944000000000 0.0000000152196 1.0000000000000
0.0000000153815 0.9532800000000 0.0000000153815 1.0000000000000
0.0000000155434 0.7944000000000 0.0000000155434 1.0000000000000
0.0000000157053 1.1121600000000 0.0000000157053 1.0000000000000
0.0000000158672 0.9215040000000 0.0000000158672 1.0000000000000
0.0000000160291 1.3028200000000 0.0000000160291 1.0000000000000
0.0000000161911 1.0803800000000 0.0000000161911 1.0000000000000
0.0000000163530 1.1439400000000 0.0000000163530 1.0000000000000
0.0000000165149 0.8261760000000 0.0000000165149 1.0000000000000
0.0000000166768 0.9532800000000 0.0000000166768 1.0000000000000
0.0000000168387 0.8897280000000 0.0000000168387 1.0000000000000
0.0000000170006 0.8579520000000 0.0000000170006 1.0000000000000
0.0000000171625 1.0803800000000 0.0000000171625 1.0000000000000
0.0000000173244 0.9532800000000 0.0000000173244 1.0000000000000
0.0000000174863 0.7944000000000 0.0000000174863 1.0000000000000
0.0000000176482 1.0168300000000 0.0000000176482 1.0000000000000
0.0000000178102 1.1121600000000 0.0000000178102 1.0000000000000
0.0000000179721 1.1121600000000 0.0000000179721 1.0000000000000
0.0000000181340 1.3981400000000 0.0000000181340 1.0000000000000
0.0000000182959 0.8897280000000 0.0000000182959 1.0000000000000
0.0000000184578 0.8897280000000 0.0000000184578 1.0000000000000
0.0000000186197 0.9215040000000 0.0000000186197 1.0000000000000
0.0000000187816 1.2710400000000 0.0000000187816 1.0000000000000
0.0000000189435 0.8897280000000 0.0000000189435 1.0000000000000
0.0000000191054 0.9850560000000 0.0000000191054 1.0000000000000
0.0000000192674 0.8261760000000 0.0000000192674 1.0000000000000
0.0000000194293 1.0168300000000 0.0000000194293 1.0000000000000
0.0000000195912 0.9215040000000 0.0000000195912 1.0000000000000
0.0000000197531 1.0486100000000 0.0000000197531 1.0000000000000
0.0000000199150 1.0486100000000 0.0000000199150 1.0000000000000
0.0000000200769 0.8897280000000 0.0000000200769 1.0000000000000
0.0000000202388 1.2074900000000 0.0000000202388 1.0000000000000
0.0000000204007 0.8897280000000 0.0000000204007 1.0000000000000
0.0000000205626 1.0486100000000 0.0000000205626 1.0000000000000
0.0000000207245 0.9532800000000 0.0000000207245 1.0000000000000
0.0000000208865 0.6990720000000 0.0000000208865 1.0000000000000
0.0000000210484 1.0486100000000 0.0000000210484 1.0000000000000
0.0000000212103 0.9215040000000 0.0000000212103 1.0000000000000
0.0000000213722 0.9850560000000 0.0000000213722 1.0000000000000
0.0000000215341 0.9215040000000 0.0000000215341 1.0000000000000
0.0000000216960 1.2710400000000 0.0000000216960 1.0000000000000
0.0000000218579 1.0168300000000 0.0000000218579 1.0000000000000
0.0000000220198 1.1121600000000 0.0000000220198 1.0000000000000
0.0000000221817 1.3028200000000 0.0000000221817 1.0000000000000
0.0000000223437 0.6990720000000 0.0000000223437 1.0000000000000
0.0000000225056 0.9850560000000 0.0000000225056 1.0000000000000
0.0000000226675 0.9532800000000 0.0000000226675 1.0000000000000
0.0000000228294 1.1439400000000 0.0000000228294 1.0000000000000
0.0000000229913 0.9215040000000 0.0000000229913 1.0000000000000
0.0000000231532 1.0486100000000 0.0000000231532 1.0000000000000
0.0000000233151 1.0168300000000 0.0000000233151 1.0000000000000
0.0000000234770 0.8579520000000 0.0000000234770 1.0000000000000
0.0000000236389 1.1121600000000 0.0000000236389 1.0000000000000
0.0000000238009 0.7308480000000 0.0000000238009 1.0000000000000
0.0000000239628 1.0168300000000 0.0000000239628 1.0000000000000
0.0000000241247 0.9215040000000 0.0000000241247 1.0000000000000
0.0000000242866 0.9850560000000 0.0000000242866 1.0000000000000
0.0000000244485 1.3345900000000 0.0000000244485 1.0000000000000
0.0000000246104 1.0486100000000 0.0000000246104 1.0000000000000
0.0000000247723 0.9532800000000 0.0000000247723 1.0000000000000
0.0000000249342 0.8897280000000 0.0000000249342 1.0000000000000
0.0000000250961 1.3981400000000 0.0000000250961 1.0000000000000
0.0000000252580 0.9215040000000 0.0000000252580 1.0000000000000
0.0000000254200 1.0168300000000 0.0000000254200 1.0000000000000
0.0000000255819 0.9532800000000 0.0000000255819 1.0000000000000
0.0000000257438 0.8579520000000 0.0000000257438 1.0000000000000
0.0000000259057 0.9532800000000 0.0000000259057 1.0000000000000
0.0000000260676 0.8579520000000 0.0000000260676 1.0000000000000
0.0000000262295 1.1757100000000 0.0000000262295 1.0000000000000
0.0000000263914 0.9215040000000 0.0000000263914 1.0000000000000
0.0000000265533 1.1439400000000 0.0000000265533 1.0000000000000
0.0000000267152 1.1439400000000 0.0000000267152 1.0000000000000
0.0000000268772 0.7944000000000 0.0000000268772 1.0000000000000
0.0000000270391 0.9850560000000 0.0000000270391 1.0000000000000
0.0000000272010 1.3028200000000 0.0000000272010 1.0000000000000
0.0000000273629 1.3345900000000 0.0000000273629 1.0000000000000
0.0000000275248 0.8261760000000 0.0000000275248 1.0000000000000
0.0000000276867 1.1121600000000 0.0000000276867 1.0000000000000
0.0000000278486 1.3981400000000 0.0000000278486 1.0000000000000
0.0000000280105 0.8897280000000 0.0000000280105 1.0000000000000
0.0000000281724 1.1757100000000 0.0000000281724 1.0000000000000
0.0000000283343 1.3345900000000 0.0000000283343 1.0000000000000
0.0000000284963 1.3345900000000 0.0000000284963 1.0000000000000
0.0000000286582 1.2710400000000 0.0000000286582 1.0000000000000
0.0000000288201 1.0486100000000 0.0000000288201 1.0000000000000
0.0000000289820 1.1121600000000 0.0000000289820 1.0000000000000
0.0000000291439 1.3028200000000 0.0000000291439 1.0000000000000
0.0000000293058 1.3981400000000 0.0000000293058 1.0000000000000
0.0000000294677 0.7944000000000 0.0000000294677 1.0000000000000
0.0000000296296 0.6672960000000 0.0000000296296 1.0000000000000
0.0000000297915 1.0168300000000 0.0000000297915 1.0000000000000
0.0000000299535 1.1121600000000 0.0000000299535 1.0000000000000
0.0000000301154 0.9850560000000 0.0000000301154 1.0000000000000
0.0000000302773 0.7944000000000 0.0000000302773 1.0000000000000
0.0000000304392 0.9215040000000 0.0000000304392 1.0000000000000
0.0000000306011 0.8579520000000 0.0000000306011 1.0000000000000
0.0000000307630 0.9532800000000 0.0000000307630 1.0000000000000
0.0000000309249 0.9532800000000 0.0000000309249 1.0000000000000
0.0000000310868 0.8897280000000 0.0000000310868 1.0000000000000
0.0000000312487 0.9215040000000 0.0000000312487 1.0000000000000
0.0000000314106 0.8897280000000 0.0000000314106 1.0000000000000
0.0000000315726 1.3345900000000 0.0000000315726 1.0000000000000
0.0000000317345 1.2710400000000 0.0000000317345 1.0000000000000
0.0000000318964 0.9532800000000 0.0000000318964 1.0000000000000
0.0000000320583 1.3981400000000 0.0000000320583 1.0000000000000
0.0000000322202 0.8261760000000 0.0000000322202 1.0000000000000
0.0000000323821 1.1121600000000 0.0000000323821 1.0000000000000
0.0000000325440 1.3981400000000 0.0000000325440 1.0000000000000
0.0000000327059 0.8897280000000 0.0000000327059 1.0000000000000
0.0000000328678 0.8579520000000 0.0000000328678 1.0000000000000
0.0000000330298 1.2710400000000 0.0000000330298 1.0000000000000
0.0000000331917 0.9850560000000 0.0000000331917 1.0000000000000
0.0000000333536 0.9532800000000 0.0000000333536 1.0000000000000
0.0000000335155 0.9532800000000 0.0000000335155 1.0000000000000
0.0000000336774 0.9215040000000 0.0000000336774 1.0000000000000
0.0000000338393 0.6672960000000 0.0000000338393 1.0000000000000
0.0000000340012 0.9850560000000 0.0000000340012 1.0000000000000
0.0000000341631 1.1757100000000 0.0000000341631 1.0000000000000
0.0000000343250 0.6990720000000 0.0000000343250 1.0000000000000
0.0000000344869 1.0168300000000 0.0000000344869 1.0000000000000
0.0000000346489 0.9532800000000 0.0000000346489 1.0000000000000
0.0000000348108 0.9850560000000 0.0000000348108 1.0000000000000
0.0000000349727 1.3981400000000 0.0000000349727 1.0000000000000
0.0000000351346 1.2074900000000 0.0000000351346 1.0000000000000
0.0000000352965 0.9850560000000 0.0000000352965 1.0000000000000
0.0000000354584 1.1121600000000 0.0000000354584 1.0000000000000
0.0000000356203 1.2710400000000 0.0000000356203 1.0000000000000
0.0000000357822 1.1121600000000 0.0000000357822 1.0000000000000
0.0000000359441 0.9532800000000 0.0000000359441 1.0000000000000
0.0000000361061 0.8261760000000 0.0000000361061 1.0000000000000
0.0000000362680 0.9532800000000 0.0000000362680 1.0000000000000
0.0000000364299 0.9850560000000 0.0000000364299 1.0000000000000
0.0000000365918 1.0803800000000 0.0000000365918 1.0000000000000
0.0000000367537 0.9850560000000 0.0000000367537 1.0000000000000
0.0000000369156 0.9532800000000 0.0000000369156 1.0000000000000
0.0000000370775 0.9215040000000 0.0000000370775 1.0000000000000
0.0000000372394 1.3345900000000 0.0000000372394 1.0000000000000
0.0000000374013 1.1121600000000 0.0000000374013 1.0000000000000
0.0000000375632 0.9850560000000 0.0000000375632 1.0000000000000
0.0000000377252 1.1439400000000 0.0000000377252 1.0000000000000
0.0000000378871 1.2710400000000 0.0000000378871 1.0000000000000
0.0000000380490 0.7626240000000 0.0000000380490 1.0000000000000
0.0000000382109 0.9850560000000 0.0000000382109 1.0000000000000
0.0000000383728 0.8261760000000 0.0000000383728 1.0000000000000
0.0000000385347 1.2074900000000 0.0000000385347 1.0000000000000
0.0000000386966 0.9850560000000 0.0000000386966 1.0000000000000
0.0000000388585 1.1439400000000 0.0000000388585 1.0000000000000
0.0000000390204 0.9215040000000 0.0000000390204 1.0000000000000
0.0000000391824 1.1757100000000 0.0000000391824 1.0000000000000
0.0000000393443 0.9532800000000 0.0000000393443 1.0000000000000
0.0000000395062 1.1121600000000 0.0000000395062 1.0000000000000
0.0000000396681 0.9850560000000 0.0000000396681 1.0000000000000
0.0000000398300 1.0803800000000 0.0000000398300 1.0000000000000
0.0000000399919 1.1121600000000 0.0000000399919 1.0000000000000
0.0000000401538 0.7626240000000 0.0000000401538 1.0000000000000
0.0000000403157 1.1757100000000 0.0000000403157 1.0000000000000
0.0000000404776 1.0803800000000 0.0000000404776 1.0000000000000
0.0000000406395 1.0486100000000 0.0000000406395 1.0000000000000
0.0000000408015 1.0168300000000 0.0000000408015 1.0000000000000
0.0000000409634 0.8579520000000 0.0000000409634 1.0000000000000
0.0000000411253 1.1757100000000 0.0000000411253 1.0000000000000
0.0000000412872 1.1757100000000 0.0000000412872 1.0000000000000
0.0000000414491 1.2074900000000 0.0000000414491 1.0000000000000
0.0000000416110 0.7944000000000 0.0000000416110 1.0000000000000
0.0000000417729 0.8897280000000 0.0000000417729 1.0000000000000
0.0000000419348 1.0803800000000 0.0000000419348 1.0000000000000
0.0000000420967 1.2392600000000 0.0000000420967 1.0000000000000
0.0000000422587 1.0803800000000 0.0000000422587 1.0000000000000
0.0000000424206 0.9850560000000 0.0000000424206 1.0000000000000
0.0000000425825 1.1757100000000 0.0000000425825 1.0000000000000
0.0000000427444 1.0486100000000 0.0000000427444 1.0000000000000
0.0000000429063 1.2074900000000 0.0000000429063 1.0000000000000
0.0000000430682 0.7308480000000 0.0000000430682 1.0000000000000
0.0000000432301 1.2074900000000 0.0000000432301 1.0000000000000
0.0000000433920 0.7944000000000 0.0000000433920 1.0000000000000
0.0000000435539 0.6990720000000 0.0000000435539 1.0000000000000
0.0000000437158 0.9215040000000 0.0000000437158 1.0000000000000
0.0000000438778 1.1121600000000 0.0000000438778 1.0000000000000
0.0000000440397 1.0803800000000 0.0000000440397 1.0000000000000
0.0000000442016 1.0486100000000 0.0000000442016 1.0000000000000
0.0000000443635 0.9850560000000 0.0000000443635 1.0000000000000
0.0000000445254 1.2074900000000 0.0000000445254 1.0000000000000
0.0000000446873 1.0803800000000 0.0000000446873 1.0000000000000
0.0000000448492 1.1757100000000 0.0000000448492 1.0000000000000
0.0000000450111 0.9532800000000 0.0000000450111 1.0000000000000
0.0000000451730 1.1121600000000 0.0000000451730 1.0000000000000
0.0000000453350 1.0486100000000 0.0000000453350 1.0000000000000
0.0000000454969 0.9850560000000 0.0000000454969 1.0000000000000
0.0000000456588 1.1121600000000 0.0000000456588 1.0000000000000
0.0000000458207 0.8897280000000 0.0000000458207 1.0000000000000
0.0000000459826 1.0168300000000 0.0000000459826 1.0000000000000
0.0000000461445 1.2710400000000 0.0000000461445 1.0000000000000
0.0000000463064 1.0168300000000 0.0000000463064 1.0000000000000
0.0000000464683 0.8579520000000 0.0000000464683 1.0000000000000
0.0000000466302 1.1439400000000 0.0000000466302 1.0000000000000
0.0000000467921 1.0486100000000 0.0000000467921 1.0000000000000
0.0000000469541 1.0803800000000 0.0000000469541 1.0000000000000
0.0000000471160 0.7944000000000 0.0000000471160 1.0000000000000
0.0000000472779 0.8897280000000 0.0000000472779 1.0000000000000
0.0000000474398 0.9215040000000 0.0000000474398 1.0000000000000
0.0000000476017 0.8261760000000 0.0000000476017 1.0000000000000
0.0000000477636 1.1439400000000 0.0000000477636 1.0000000000000
0.0000000479255 0.8261760000000 0.0000000479255 1.0000000000000
0.0000000480874 1.0168300000000 0.0000000480874 1.0000000000000
0.0000000482493 0.6990720000000 0.0000000482493 1.0000000000000
0.0000000484113 0.9532800000000 0.0000000484113 1.0000000000000
0.0000000485732 1.1757100000000 0.0000000485732 1.0000000000000
0.0000000487351 1.4299200000000 0.0000000487351 1.0000000000000
0.0000000488970 0.8579520000000 0.0000000488970 1.0000000000000
0.0000000490589 1.2392600000000 0.0000000490589 1.0000000000000
0.0000000492208 0.8261760000000 0.0000000492208 1.0000000000000
0.0000000493827 1.3345900000000 0.0000000493827 1.0000000000000
0.0000000495446 0.7308480000000 0.0000000495446 1.0000000000000
0.0000000497065 0.8579520000000 0.0000000497065 1.0000000000000
0.0000000498684 1.1757100000000 0.0000000498684 1.0000000000000
0.0000000500304 1.0486100000000 0.0000000500304 1.0000000000000
